SH_Back,400,304,003E4449,0,1,1,4294967295,0,0
SH_Back,1408,304,00342DB4,0,1,1,4294967295,0,0
SH_Back,2416,304,000D54FE,0,1,1,4294967295,0,0
SH_Back,3424,304,003D7412,0,1,1,4294967295,0,0
SH_Back,4432,304,00092A8C,0,1,1,4294967295,0,0
SH_Back,4992,304,00205506,0,1,1,4294967295,0,0
SH_ViewBack,6128,432,002FCCEE,0,1,1,4294967295,0,0
SH_ViewBack,6128,336,00398E5D,0,1,1,4294967295,0,0
SH_ViewBack,6112,48,0033E916,0,1,1,4294967295,0,0
SH_ViewBack,6112,144,0011F9A1,0,1,1,4294967295,0,0
SH_ViewBack,6128,240,001B2BB1,0,1,1,4294967295,0,0
SH_Trees,240,352,0027B2BF,0,1,1,4294967295,0,0
SH_Flower1,336,400,0022C9C8,0,1,1,4294967295,0,0
SH_Flower1,432,400,0038ED9A,0,1,1,4294967295,0,0
SH_Flower2,528,384,00122CDA,0,1,1,4294967295,0,0
SH_Flower2,64,384,000706EB,0,1,1,4294967295,0,0
SH_Trees,720,352,0001C054,0,1,1,4294967295,0,0
SH_Trees,1072,384,002C9A9C,0,1,1,4294967295,0,0
SH_Trees,1408,352,001B0575,0,1,1,4294967295,0,0
SH_Trees,2000,352,0013DBDB,0,1,1,4294967295,0,0
SH_Trees,2576,384,002F34C8,0,1,1,4294967295,0,0
SH_Trees,2672,352,00222AD0,0,1,1,4294967295,0,0
SH_Trees,3024,368,003A0278,0,1,1,4294967295,0,0
SH_Trees,3344,352,00070E02,0,1,1,4294967295,0,0
SH_Trees,3648,368,0012F44A,0,1,1,4294967295,0,0
SH_Trees,3792,352,0008EA05,0,1,1,4294967295,0,0
SH_Trees,3936,352,0004C168,0,1,1,4294967295,0,0
SH_Trees,4368,384,000D6021,0,1,1,4294967295,0,0
SH_Trees,4928,352,003344CC,0,1,1,4294967295,0,0
SH_Flower1,816,400,002FED6B,0,1,1,4294967295,0,0
SH_Flower1,944,400,00313A31,0,1,1,4294967295,0,0
SH_Flower1,1248,400,003A34BE,0,1,1,4294967295,0,0
SH_Flower1,1584,400,000F3301,0,1,1,4294967295,0,0
SH_Flower1,1744,400,00204AF4,0,1,1,4294967295,0,0
SH_Flower1,1920,400,00187367,0,1,1,4294967295,0,0
SH_Flower1,2288,400,000E6E0B,0,1,1,4294967295,0,0
SH_Flower1,3248,400,0021D401,0,1,1,4294967295,0,0
SH_Flower1,3568,400,002FE98C,0,1,1,4294967295,0,0
SH_Flower1,4016,400,000A65D4,0,1,1,4294967295,0,0
SH_Flower1,4320,400,003CDD7D,0,1,1,4294967295,0,0
SH_Flower1,4640,400,000887F2,0,1,1,4294967295,0,0
SH_Flower1,4592,400,00158A31,0,1,1,4294967295,0,0
SH_Flower1,4544,400,0034DDF6,0,1,1,4294967295,0,0
SH_Flower1,4960,400,001BF10E,0,1,1,4294967295,0,0
SH_Flower2,4240,384,002771F3,0,1,1,4294967295,0,0
SH_Flower2,3856,384,002355C4,0,1,1,4294967295,0,0
SH_Flower2,3424,400,003CF4A9,0,1,1,4294967295,0,0
SH_Flower2,2768,384,00160280,0,1,1,4294967295,0,0
SH_Flower2,2944,384,0027BCF2,0,1,1,4294967295,0,0
SH_Flower2,2432,384,001142BC,0,1,1,4294967295,0,0
SH_Flower2,1824,384,0036DE80,0,1,1,4294967295,0,0
SH_Flower2,1504,384,00254D9C,0,1,1,4294967295,0,0
SH_Flower2,864,384,00090F9C,0,1,1,4294967295,0,0
SH_ViewBack2,8944,384,001BA3C0,0,1,1,4294967295,0,0
SuicideTails,1072,368,0033F7B2,0,1,1,4294967295,0,0
SuicideEggman2,3936,368,0008E23D,0,1,1,4294967295,0,0
SuicideSpikes,4800,400,0004FF8E,0,1,1,4294967295,0,0
ViewGround,6213,357,001F9501,0,1,1,4294967295,0,0
ViewGround,5901,74,00402D2E,0,1,1,4294967295,0,0
ViewGround,6058,214,00340EB2,0,1,1,4294967295,0,0
ViewGround,6371,496,00137D44,0,1,1,4294967295,0,0
ViewGround,8880,592,002F21A6,0,1,1,4294967295,0,0
ViewGround,8528,592,0031C237,0,1,1,4294967295,0,0
ViewGround,8384,592,00077E99,0,1,1,4294967295,0,0
ViewGround,8992,592,002F3D15,0,1,1,4294967295,0,0
ViewGround,8672,592,002BC2EA,0,1,1,4294967295,0,0
ViewGround,8752,592,0023F954,0,1,1,4294967295,0,0
SH_TailsGhost,6195,208,00067015,0,1,1,4294967295,0,0
SH_Ground,128,448,00286955,0,1,1,4294967295,0,0
SH_Ground,368,448,00187003,0,1,1,4294967295,0,0
SH_Ground,608,448,003B6142,0,1,1,4294967295,0,0
SH_Ground,864,448,00147C57,0,1,1,4294967295,0,0
SH_Ground,1120,448,002A6882,0,1,1,4294967295,0,0
SH_Ground,1376,448,0016DA54,0,1,1,4294967295,0,0
SH_Ground,1632,448,00354FB6,0,1,1,4294967295,0,0
SH_Ground,1888,448,0028C914,0,1,1,4294967295,0,0
SH_Ground,2144,448,00197000,0,1,1,4294967295,0,0
SH_Ground,2400,448,003A71BE,0,1,1,4294967295,0,0
SH_Ground,2656,448,001A6A5C,0,1,1,4294967295,0,0
SH_Ground,2896,448,00355485,0,1,1,4294967295,0,0
SH_Ground,3152,448,003AE3BC,0,1,1,4294967295,0,0
SH_Ground,3408,448,0031E836,0,1,1,4294967295,0,0
SH_Ground,3664,448,00324C3E,0,1,1,4294967295,0,0
SH_Ground,3920,448,001AAF87,0,1,1,4294967295,0,0
SH_Ground,4176,448,000EE4B0,0,1,1,4294967295,0,0
SH_Ground,4432,448,00028D9C,0,1,1,4294967295,0,0
SH_Ground,4688,448,001039D7,0,1,1,4294967295,0,0
SH_Ground,4944,448,000A41EC,0,1,1,4294967295,0,0
Solid,16,192,00044E26,0,1,1,4294967295,0,0
Solid,4976,192,001EDBDE,0,1,1,4294967295,0,0
Warn1,4544,240,00110A00,0,1,1,4294967295,0,0
Timer3,0,0,002F2452,0,1,1,4294967295,0,0
SH_Ground,5200,448,00316FB5,0,1,1,4294967295,0,0
SH_Ground,5376,448,0023D226,0,1,1,4294967295,0,0
SH_ViewSonic,6259,304,003D2AC1,0,1,1,4294967295,0,0
SH_KnucklesGhost,6131,224,000455BA,0,1,1,4294967295,0,0
SuicideSonic,96,390,00352667,0,1,1,4294967295,0,0
SuicideKnuckles,2640,416,0015A197,0,1,1,4294967295,0,0
SuicideEggman,3856,352,00243EEF,0,1,1,4294967295,0,0
ViewSpike,6355,416,00346908,0,1,1,4294967295,0,0
SH_ViewSonic2,8640,336,00397D49,0,1,1,4294967295,0,0
title_card,32,0,0019D6FA,0,1,1,4294967295,0,0
