FF_Ground,64,448,003A6BDF,0,1,1,4294967295,0,0
FF_Ground,192,448,0039E854,0,1,1,4294967295,0,0
FF_Ground,320,448,0039C81D,0,1,1,4294967295,0,0
FF_Ground,448,448,000AB114,0,1,1,4294967295,0,0
FF_Ground,576,448,0024FB09,0,1,1,4294967295,0,0
FF_Ground,704,448,002A5260,0,1,1,4294967295,0,0
FF_Ground,832,448,003A7A47,0,1,1,4294967295,0,0
FF_Ground,960,448,0034B004,0,1,1,4294967295,0,0
FF_Ground,1088,448,00106272,0,1,1,4294967295,0,0
FF_Ground,1216,448,000D3F24,0,1,1,4294967295,0,0
FF_Ground,1344,448,0034D066,0,1,1,4294967295,0,0
FF_Ground,1472,448,0017D26E,0,1,1,4294967295,0,0
FF_Ground,1600,448,0025BD64,0,1,1,4294967295,0,0
FF_Ground,1728,448,0036FBE2,0,1,1,4294967295,0,0
FF_Ground,1856,448,0020E9EC,0,1,1,4294967295,0,0
FF_Ground,1984,448,001797DC,0,1,1,4294967295,0,0
CutTails,960,368,001DA5F3,0,1,1,4294967295,0,0
CutKnuckles,0,364,000C09A9,0,1,1,4294967295,0,0
CutEggman,1984,358,000F3352,0,1,1,4294967295,0,0
Warn1_5,912,304,0023231D,0,1,1,4294967295,0,0
Warn1_5,1008,304,0020FAFB,0,1,1,4294967295,0,0
lvlcontroller,0,0,003F596F,0,1,1,4294967295,0,0
