a_solidlool,32,320,0037C997,0,1,1,4294967295,0,0
a_solidlool,0,288,0009BE29,0,1,1,4294967295,0,0
a_solidlool,0,256,002C9030,0,1,1,4294967295,0,0
a_solidlool,0,224,0003C86C,0,1,1,4294967295,0,0
a_solidlool,0,192,002A24EA,0,1,1,4294967295,0,0
a_solidlool,32,160,002E3FC6,0,1,1,4294967295,0,0
a_solidlool,64,160,0037B253,0,1,1,4294967295,0,0
a_solidlool,96,160,000854A3,0,1,1,4294967295,0,0
a_solidlool,128,160,001262E2,0,1,1,4294967295,0,0
a_solidlool,160,160,0021636B,0,1,1,4294967295,0,0
a_solidlool,192,160,001B9341,0,1,1,4294967295,0,0
a_solidlool,64,320,0017F759,0,1,1,4294967295,0,0
a_solidlool,128,320,002F5887,0,1,1,4294967295,0,0
a_solidlool,96,320,00166CDB,0,1,1,4294967295,0,0
a_solidlool,160,320,001F4A58,0,1,1,4294967295,0,0
a_solidlool,192,288,002C2911,0,1,1,4294967295,0,0
a_solidlool,192,256,0033FC73,0,1,1,4294967295,0,0
a_solidlool,224,256,0033AD0F,0,1,1,4294967295,0,0
a_solidlool,224,256,001AE496,0,1,1,4294967295,0,0
a_solidlool,256,256,001DE3A6,0,1,1,4294967295,0,0
a_solidlool,256,288,002EC088,0,1,1,4294967295,0,0
a_solidlool,256,320,000E501C,0,1,1,4294967295,0,0
a_solidlool,192,128,000381A3,0,1,1,4294967295,0,0
a_solidlool,192,96,001B3A12,0,1,1,4294967295,0,0
a_solidlool,224,96,002F4CC4,0,1,1,4294967295,0,0
a_solidlool,256,96,003EEFCD,0,1,1,4294967295,0,0
a_solidlool,288,96,002593C0,0,1,1,4294967295,0,0
a_solidlool,320,96,002D6AEE,0,1,1,4294967295,0,0
a_solidlool,352,96,00324EE8,0,1,1,4294967295,0,0
a_solidlool,384,96,002DB620,0,1,1,4294967295,0,0
a_solidlool,384,128,001B9656,0,1,1,4294967295,0,0
a_solidlool,384,160,0014CA53,0,1,1,4294967295,0,0
a_solidlool,384,192,000C8A43,0,1,1,4294967295,0,0
tailscustom,96,304,000D3923,0,1,1,4294967295,0,0
a_solidlool,288,352,00289F64,0,1,1,4294967295,0,0
a_solidlool,320,352,00224975,0,1,1,4294967295,0,0
a_solidlool,384,352,001A739C,0,1,1,4294967295,0,0
a_solidlool,352,352,00036E7C,0,1,1,4294967295,0,0
a_solidlool,448,352,003069F7,0,1,1,4294967295,0,0
a_solidlool,416,352,0007DC22,0,1,1,4294967295,0,0
a_solidlool,416,192,002A67CC,0,1,1,4294967295,0,0
a_solidlool,576,256,0027916D,0,1,1,4294967295,0,0
a_solidlool,544,256,000DB6DE,0,1,1,4294967295,0,0
a_solidlool,672,256,00100B49,0,1,1,4294967295,0,0
a_solidlool,512,256,0004FC42,0,1,1,4294967295,0,0
a_solidlool,480,288,00306841,0,1,1,4294967295,0,0
a_solidlool,448,320,00249616,0,1,1,4294967295,0,0
a_solidlool,640,256,00395E38,0,1,1,4294967295,0,0
a_solidlool,416,160,000E5869,0,1,1,4294967295,0,0
a_solidlool,416,128,000CC883,0,1,1,4294967295,0,0
a_solidlool,448,96,002CA41B,0,1,1,4294967295,0,0
a_solidlool,480,96,00229F98,0,1,1,4294967295,0,0
a_solidlool,512,96,000F973F,0,1,1,4294967295,0,0
a_solidlool,544,96,002C65AC,0,1,1,4294967295,0,0
a_solidlool,608,256,00190116,0,1,1,4294967295,0,0
customtail,80,304,000B6FA2,0,1,1,4294967295,0,0
TailsDollBoss,672,224,00019847,0,1,1,4294967295,0,0
DM_Ring,336,336,0033B37D,0,1,1,4294967295,0,0
DM_Ring,368,336,00392EAD,0,1,1,4294967295,0,0
DM_Ring,400,336,0002F0AA,0,1,1,4294967295,0,0
Timer,0,0,000533CF,0,1,1,4294967295,0,0
