HvostStand2,544,16,001CEACD,0,1,1,4294967295,0,0
TailsLive,2624,112,003D1AB0,0,1,1,4294967295,0,0
TeleportRing,2592,1472,0035735A,0,1,1,4294967295,0,1
TailsLive,2848,1888,00237375,0,1,1,4294967295,0,0
TeleportRing,112,1424,0007E492,0,1,1,4294967295,0,1
Solid,32,1568,0003DA15,0,1,1,4294967295,0,0
Solid,3968,1520,00215701,0,1,1,4294967295,0,0
Solid,3952,64,0031CB28,0,1,1,4294967295,0,0
Solid,32,48,002697D2,0,1,1,4294967295,0,0
Solid,32,1024,00188AA7,0,1,1,4294967295,0,0
TailsLive,80,832,001AD555,0,1,1,4294967295,0,0
Spring2,64,1232,0034789B,0,1,1,4294967295,0,0
Spring2,80,1712,00033D70,0,1,1,4294967295,0,0
TeleportRing,3280,1344,0016D5A5,0,1,1,4294967295,0,1
TeleportRing,3872,1088,001E8449,0,1,1,4294967295,0,1
TeleportRing,96,144,003B1A07,0,1,1,4294967295,0,1
TeleportRing,976,1344,003F053A,0,1,1,4294967295,0,1
TailsLive,1216,1328,002F0927,0,1,1,4294967295,0,0
TeleportRing,3664,1888,00111A82,0,1,1,4294967295,0,1
EE_1,80,1920,00339095,0,1,1,4294967295,0,0
GroundSolid2,112,0,003C05EF,0,1,1,4294967295,0,0
GroundSolid2,368,0,002FBC57,0,1,1,4294967295,0,0
GroundSolid2,624,0,00115DB6,0,1,1,4294967295,0,0
GroundSolid2,880,0,000E078E,0,1,1,4294967295,0,0
GroundSolid2,1136,0,000EC31A,0,1,1,4294967295,0,0
GroundSolid2,1392,0,001F419B,0,1,1,4294967295,0,0
GroundSolid2,1648,0,000F9108,0,1,1,4294967295,0,0
GroundSolid2,1904,0,0000AEDE,0,1,1,4294967295,0,0
GroundSolid2,2160,0,000AD773,0,1,1,4294967295,0,0
GroundSolid2,2416,0,00296936,0,1,1,4294967295,0,0
GroundSolid2,2672,0,000EF11A,0,1,1,4294967295,0,0
GroundSolid2,2928,0,00193EE2,0,1,1,4294967295,0,0
GroundSolid2,3184,0,0018316E,0,1,1,4294967295,0,0
GroundSolid2,3440,0,0038F5F0,0,1,1,4294967295,0,0
GroundSolid2,3696,0,00031061,0,1,1,4294967295,0,0
GroundSolid2,3936,0,001C630D,0,1,1,4294967295,0,0
Warn2,384,48,000D42CF,0,1,1,4294967295,0,0
AI_Exe,16,0,0024C670,0,1,1,4294967295,0,0
BIG_MEME_KNUX,736,1782,000CEE4D,0,1,1,4294967295,0,0
TailsLive,3920,1888,000263F5,0,1,1,4294967295,0,0
HS_1G,512,2000,001810D2,0,1,1,4294967295,0,0
HS_1G,640,1984,00276193,0,1,1,4294967295,0,0
HS_1G,576,1904,0029BFB5,0,1,1,4294967295,0,0
HS_1G,-16,1920,002F14AB,0,1,1,4294967295,0,0
HS_1G,-16,1856,000FDCC2,0,1,1,4294967295,0,0
HS_1G,1104,1488,00263F6A,0,1,1,4294967295,0,0
HS_1G,1104,1408,003766CD,0,1,1,4294967295,0,0
HS_1G,1104,1344,001289FD,0,1,1,4294967295,0,0
HS_1G,4016,1888,001D1A47,0,1,1,4294967295,0,0
HS_1G,2752,1984,00226DD8,0,1,1,4294967295,0,0
HS_1G,4016,1232,0001447C,0,1,1,4294967295,0,0
HS_1G,4016,1120,00373430,0,1,1,4294967295,0,0
HS_1G,4016,1024,002FE0FE,0,1,1,4294967295,0,0
HS_1G,4016,928,0037C6B4,0,1,1,4294967295,0,0
HS_1G,2880,1792,00193D56,0,1,1,4294967295,0,0
HS_1G,2880,1728,0003BDB1,0,1,1,4294967295,0,0
HS_1G,3136,1792,0011DB7A,0,1,1,4294967295,0,0
HS_1G,3136,1696,0021AD50,0,1,1,4294967295,0,0
HS_1G,3136,1600,000C1C15,0,1,1,4294967295,0,0
HS_1G,3136,1504,00199E92,0,1,1,4294967295,0,0
HS_1G,2880,1408,002ED1EA,0,1,1,4294967295,0,0
HS_1G,3136,1408,000E5115,0,1,1,4294967295,0,0
HS_1G,3136,1312,001B3111,0,1,1,4294967295,0,0
HS_1G,3136,1216,00353CFF,0,1,1,4294967295,0,0
HS_1G,3136,1136,003BA451,0,1,1,4294967295,0,0
HS_1G,2624,960,00147A63,0,1,1,4294967295,0,0
HS_1G,4000,416,00272025,0,1,1,4294967295,0,0
HS_1G,4000,752,00170029,0,1,1,4294967295,0,0
HS_1G,4000,688,003BB914,0,1,1,4294967295,0,0
HS_1G,1984,736,00350333,0,1,1,4294967295,0,0
HS_1G,1984,720,0013A2EA,0,1,1,4294967295,0,0
HS_1G,832,976,00007AE1,0,1,1,4294967295,0,0
HS_1G,832,880,002BB8E5,0,1,1,4294967295,0,0
HS_1G,832,800,001E1A5E,0,1,1,4294967295,0,0
HS_1G,576,1168,0035A68C,0,1,1,4294967295,0,0
HS_1G,576,1088,0023F97E,0,1,1,4294967295,0,0
HS_1G,576,992,002EAC10,0,1,1,4294967295,0,0
HS_1G,576,896,00390774,0,1,1,4294967295,0,0
HS_1G,576,816,002CF681,0,1,1,4294967295,0,0
HS_1G,384,1088,0036C67E,0,1,1,4294967295,0,0
HS_1G,176,1088,002742EF,0,1,1,4294967295,0,0
HS_1G,384,992,00150DF2,0,1,1,4294967295,0,0
HS_1G,176,992,0020E0B3,0,1,1,4294967295,0,0
HS_1G,176,896,0026437B,0,1,1,4294967295,0,0
HS_1G,176,800,0039F207,0,1,1,4294967295,0,0
HS_1G,384,912,001D0C4E,0,1,1,4294967295,0,0
HS_1G,384,816,001E13A8,0,1,1,4294967295,0,0
HS_1G,0,624,003CF17C,0,1,1,4294967295,0,0
HS_1G,0,544,000068E6,0,1,1,4294967295,0,0
HS_1G,0,464,000784E9,0,1,1,4294967295,0,0
HS_1G,0,368,002B98EE,0,1,1,4294967295,0,0
HS_1G,1984,624,0015B43D,0,1,1,4294967295,0,0
HS_1G,1984,512,000D6DB9,0,1,1,4294967295,0,0
HS_1G,592,288,000ED13E,0,1,1,4294967295,0,0
HS_1G,464,288,0038F424,0,1,1,4294967295,0,0
HS_1G,336,288,001070BE,0,1,1,4294967295,0,0
HS_1G,208,288,0025DCD5,0,1,1,4294967295,0,0
HS_1G,80,288,0002FF4A,0,1,1,4294967295,0,0
HS_1G,-48,288,00189FD9,0,1,1,4294967295,0,0
HS_1G,720,320,0001248B,0,1,1,4294967295,0,0
HS_1G,848,320,00307F38,0,1,1,4294967295,0,0
HS_1G,976,368,0020B83C,0,1,1,4294967295,0,0
HS_1G,1104,368,000A7AEB,0,1,1,4294967295,0,0
HS_1G,1232,368,002E203C,0,1,1,4294967295,0,0
HS_1G,1360,432,002390E7,0,1,1,4294967295,0,0
HS_1G,1488,432,00203AA4,0,1,1,4294967295,0,0
HS_1G,1616,432,002745E8,0,1,1,4294967295,0,0
HS_1G,1744,432,00377D9D,0,1,1,4294967295,0,0
HS_1G,1984,432,000C3445,0,1,1,4294967295,0,0
HS_1G,1984,336,00075BAB,0,1,1,4294967295,0,0
HS_1G,1984,240,0011BE11,0,1,1,4294967295,0,0
HS_1G,1872,144,001B810F,0,1,1,4294967295,0,0
HS_1G,1984,144,001ABABD,0,1,1,4294967295,0,0
HS_1G,1856,736,00129478,0,1,1,4294967295,0,0
HS_1G,1728,736,0021ADE2,0,1,1,4294967295,0,0
HS_1G,1600,736,0013411C,0,1,1,4294967295,0,0
HS_1G,1472,736,002E2DEA,0,1,1,4294967295,0,0
HS_1G,1344,672,001C8F2F,0,1,1,4294967295,0,0
HS_1G,1216,672,00077B76,0,1,1,4294967295,0,0
HS_1G,1088,672,00177C1A,0,1,1,4294967295,0,0
HS_1G,960,720,002B8BD7,0,1,1,4294967295,0,0
HS_1G,832,720,003D1F3A,0,1,1,4294967295,0,0
HS_1G,576,720,0000E3DC,0,1,1,4294967295,0,0
HS_1G,384,720,002DDD5C,0,1,1,4294967295,0,0
HS_1G,144,720,003AB5F8,0,1,1,4294967295,0,0
HS_1G,16,720,0023DFD8,0,1,1,4294967295,0,0
HS_1G,256,1088,003D001D,0,1,1,4294967295,0,0
HS_1G,464,1392,002C3867,0,1,1,4294967295,0,0
HS_1G,704,1168,00132437,0,1,1,4294967295,0,0
HS_1G,832,1168,0008A744,0,1,1,4294967295,0,0
HS_1G,960,1168,00247B47,0,1,1,4294967295,0,0
HS_1G,1088,1168,00321F90,0,1,1,4294967295,0,0
HS_1G,1216,1216,00166AFF,0,1,1,4294967295,0,0
HS_1G,1344,1216,00155639,0,1,1,4294967295,0,0
HS_1G,1472,1216,000BC9AB,0,1,1,4294967295,0,0
HS_1G,1600,1216,0025F0F1,0,1,1,4294967295,0,0
HS_1G,1728,1216,003F25B9,0,1,1,4294967295,0,0
HS_1G,1856,1024,0001EF87,0,1,1,4294967295,0,0
HS_1G,1984,1024,001C9536,0,1,1,4294967295,0,0
HS_1G,1856,1296,00167242,0,1,1,4294967295,0,0
HS_1G,2112,1024,0002C013,0,1,1,4294967295,0,0
HS_1G,2240,1024,002B65FC,0,1,1,4294967295,0,0
HS_1G,2368,1024,001D719E,0,1,1,4294967295,0,0
HS_1G,2496,960,002E8220,0,1,1,4294967295,0,0
HS_1G,1984,1376,00122567,0,1,1,4294967295,0,0
HS_1G,2112,1376,0037BF78,0,1,1,4294967295,0,0
HS_1G,2240,1376,000AC9F9,0,1,1,4294967295,0,0
HS_1G,2368,1376,0039DDA3,0,1,1,4294967295,0,0
HS_1G,2112,736,002DDFC9,0,1,1,4294967295,0,0
HS_1G,2240,736,00340AD1,0,1,1,4294967295,0,0
HS_1G,2352,528,00025CD5,0,1,1,4294967295,0,0
HS_1G,2480,528,000B7174,0,1,1,4294967295,0,0
HS_1G,2608,576,00208A5A,0,1,1,4294967295,0,0
HS_1G,2736,576,001EA389,0,1,1,4294967295,0,0
HS_1G,2864,528,0014EB96,0,1,1,4294967295,0,0
HS_1G,2992,528,00238220,0,1,1,4294967295,0,0
HS_1G,3120,464,003681BC,0,1,1,4294967295,0,0
HS_1G,3248,400,00275050,0,1,1,4294967295,0,0
HS_1G,3376,352,00214439,0,1,1,4294967295,0,0
HS_1G,3504,352,0001CBA8,0,1,1,4294967295,0,0
HS_1G,3632,352,001C9C7C,0,1,1,4294967295,0,0
HS_1G,3936,352,003AA7F6,0,1,1,4294967295,0,0
HS_1G,3936,608,002C265C,0,1,1,4294967295,0,0
HS_1G,3808,608,00294FC6,0,1,1,4294967295,0,0
HS_1G,3600,832,002560BF,0,1,1,4294967295,0,0
HS_1G,3728,832,00010746,0,1,1,4294967295,0,0
HS_1G,2368,736,0036E821,0,1,1,4294967295,0,0
HS_1G,2496,784,001C3551,0,1,1,4294967295,0,0
HS_1G,2624,880,003A717D,0,1,1,4294967295,0,0
HS_1G,2752,960,0008E4B9,0,1,1,4294967295,0,0
HS_1G,2880,960,00287F8D,0,1,1,4294967295,0,0
HS_1G,3008,960,003789CC,0,1,1,4294967295,0,0
HS_1G,3136,1040,00193D35,0,1,1,4294967295,0,0
HS_1G,3264,1120,001F0EDD,0,1,1,4294967295,0,0
HS_1G,3392,1184,002C5F58,0,1,1,4294967295,0,0
HS_1G,3856,832,0015B339,0,1,1,4294967295,0,0
HS_1G,3984,832,0004FF6D,0,1,1,4294967295,0,0
HS_1G,3520,1232,0031D0AA,0,1,1,4294967295,0,0
HS_1G,3648,1232,0038B21E,0,1,1,4294967295,0,0
HS_1G,3776,1232,003E207F,0,1,1,4294967295,0,0
HS_1G,3904,1232,002719A6,0,1,1,4294967295,0,0
HS_1G,4000,512,0021F419,0,1,1,4294967295,0,0
HS_1G,2496,224,00005DC4,0,1,1,4294967295,0,0
HS_1G,2624,224,00297216,0,1,1,4294967295,0,0
HS_1G,2752,224,002A7E30,0,1,1,4294967295,0,0
HS_1G,2496,1376,003A8EBD,0,1,1,4294967295,0,0
HS_1G,2624,1312,0024BB70,0,1,1,4294967295,0,0
HS_1G,2752,1312,00015C7F,0,1,1,4294967295,0,0
HS_1G,2880,1312,002E69DD,0,1,1,4294967295,0,0
HS_1G,3008,1792,00141B0A,0,1,1,4294967295,0,0
HS_1G,2880,1632,0004D925,0,1,1,4294967295,0,0
HS_1G,2752,1632,00047919,0,1,1,4294967295,0,0
HS_1G,2624,1632,0038407A,0,1,1,4294967295,0,0
HS_1G,2496,1632,003EBAB3,0,1,1,4294967295,0,0
HS_1G,2496,1536,00262C8E,0,1,1,4294967295,0,0
HS_1G,2368,1536,000FD105,0,1,1,4294967295,0,0
HS_1G,2240,1584,0021C3FC,0,1,1,4294967295,0,0
HS_1G,2112,1632,00133E4E,0,1,1,4294967295,0,0
HS_1G,1984,1632,002FA57B,0,1,1,4294967295,0,0
HS_1G,1856,1568,001E09F9,0,1,1,4294967295,0,0
HS_1G,1728,1488,000EB2AB,0,1,1,4294967295,0,0
HS_1G,3264,1488,002B6D70,0,1,1,4294967295,0,0
HS_1G,3392,1488,00129C05,0,1,1,4294967295,0,0
HS_1G,3520,1488,001961F1,0,1,1,4294967295,0,0
HS_1G,3648,1552,00033C6D,0,1,1,4294967295,0,0
HS_1G,3776,1552,003E3AC9,0,1,1,4294967295,0,0
HS_1G,3936,1792,003FFEE2,0,1,1,4294967295,0,0
HS_1G,3808,1792,0030CD19,0,1,1,4294967295,0,0
HS_1G,3680,1792,0007E5CD,0,1,1,4294967295,0,0
HS_1G,3552,1792,003FAC33,0,1,1,4294967295,0,0
HS_1G,3424,1792,001BDC3C,0,1,1,4294967295,0,0
HS_1G,3424,1984,002D86BC,0,1,1,4294967295,0,0
HS_1G,3136,1984,0014FC11,0,1,1,4294967295,0,0
HS_1G,3296,2032,0026506F,0,1,1,4294967295,0,0
HS_1G,3264,2032,0038718B,0,1,1,4294967295,0,0
HS_1G,3008,1984,001AAB2C,0,1,1,4294967295,0,0
HS_1G,2880,1984,0010EE5F,0,1,1,4294967295,0,0
HS_1G,2752,1888,000F2E32,0,1,1,4294967295,0,0
HS_1G,3552,1984,00229A1B,0,1,1,4294967295,0,0
HS_1G,3680,1984,001B7836,0,1,1,4294967295,0,0
HS_1G,3808,1984,003CF1ED,0,1,1,4294967295,0,0
HS_1G,3936,1984,00065D61,0,1,1,4294967295,0,0
HS_1G,2624,1952,002C0102,0,1,1,4294967295,0,0
HS_1G,2496,1952,001FF81D,0,1,1,4294967295,0,0
HS_1G,2368,1952,0038E3CE,0,1,1,4294967295,0,0
HS_1G,2240,1952,000BF389,0,1,1,4294967295,0,0
HS_1G,2240,1888,001E30D8,0,1,1,4294967295,0,0
HS_1G,2112,1888,0037ED12,0,1,1,4294967295,0,0
HS_1G,1984,1952,001D4E7B,0,1,1,4294967295,0,0
HS_1G,1856,1952,003C27A9,0,1,1,4294967295,0,0
HS_1G,1728,1904,001F65E3,0,1,1,4294967295,0,0
HS_1G,1600,1840,00115FDC,0,1,1,4294967295,0,0
HS_1G,1472,1840,0032B3BD,0,1,1,4294967295,0,0
HS_1G,1344,1840,00108464,0,1,1,4294967295,0,0
HS_1G,1216,1888,001804C3,0,1,1,4294967295,0,0
HS_1G,1088,1888,0004798B,0,1,1,4294967295,0,0
HS_1G,960,1888,00221044,0,1,1,4294967295,0,0
HS_1G,832,1888,0004D471,0,1,1,4294967295,0,0
HS_1G,704,1888,003EA9A2,0,1,1,4294967295,0,0
HS_1G,592,1392,0017A99B,0,1,1,4294967295,0,0
HS_1G,720,1440,000C4E50,0,1,1,4294967295,0,0
HS_1G,848,1488,0030B9E0,0,1,1,4294967295,0,0
HS_1G,976,1488,003AF483,0,1,1,4294967295,0,0
HS_1G,1104,1280,003EBB50,0,1,1,4294967295,0,0
HS_1G,336,1360,003FFDDA,0,1,1,4294967295,0,0
HS_1G,208,1312,000196F7,0,1,1,4294967295,0,0
HS_1G,80,1296,0025B9FC,0,1,1,4294967295,0,0
HS_1G,-32,1296,0021F541,0,1,1,4294967295,0,0
HS_1G,576,1840,0018EDF0,0,1,1,4294967295,0,0
HS_1G,448,1776,000CDD37,0,1,1,4294967295,0,0
HS_1G,144,1776,003609A7,0,1,1,4294967295,0,0
HS_1G,16,1776,000E1404,0,1,1,4294967295,0,0
HS_1G,256,2000,00294086,0,1,1,4294967295,0,0
HS_1G,128,2000,003B59A6,0,1,1,4294967295,0,0
HS_1G,384,2000,003F5051,0,1,1,4294967295,0,0
HS_1G,0,2000,0038F83C,0,1,1,4294967295,0,0
HS_1G,1232,1424,000E7A94,0,1,1,4294967295,0,0
HS_1G,176,720,002B08ED,0,1,1,4294967295,0,0
HS_1G,3008,1696,0034EDB8,0,1,1,4294967295,0,0
Tails3,560,16,001BFCE0,0,1,1,4294967295,0,0
Bushes,272,976,0036C892,0,1,1,4294967295,0,0
Bushes,272,912,002CA920,0,1,1,4294967295,0,0
Bushes,96,1888,0034931B,0,1,1,4294967295,0,0
Bushes,192,1888,00358B99,0,1,1,4294967295,0,0
Bushes,288,1888,00191D13,0,1,1,4294967295,0,0
Bushes,464,1840,0010EA92,0,1,1,4294967295,0,0
Bushes,464,1904,002A7FE8,0,1,1,4294967295,0,0
Bushes,352,1904,000A11D7,0,1,1,4294967295,0,0
Bushes,80,1840,00031EEB,0,1,1,4294967295,0,0
Bushes,192,1840,00110A3F,0,1,1,4294967295,0,0
Bushes,304,1856,0033E26C,0,1,1,4294967295,0,0
Bushes,400,1856,001BF1D1,0,1,1,4294967295,0,0
Bushes,3232,1968,0020CF3A,0,1,1,4294967295,0,0
Bushes,3344,1968,0025BC3B,0,1,1,4294967295,0,0
Bushes,3488,1408,00309FEC,0,1,1,4294967295,0,0
Bushes,3264,1040,0010C010,0,1,1,4294967295,0,0
Bushes,2368,960,003CCD52,0,1,1,4294967295,0,0
Bushes,2560,512,00361705,0,1,1,4294967295,0,0
Bushes,2784,512,00093594,0,1,1,4294967295,0,0
Bushes,3936,288,001AB584,0,1,1,4294967295,0,0
Bushes,3920,544,0003FD2F,0,1,1,4294967295,0,0
Bushes,960,304,001456EA,0,1,1,4294967295,0,0
Bushes,1216,304,003B3822,0,1,1,4294967295,0,0
Bushes,272,224,003F4FCC,0,1,1,4294967295,0,0
Bushes,16,224,0027F65A,0,1,1,4294967295,0,0
Bushes,1568,368,00105862,0,1,1,4294967295,0,0
HS_5G,176,160,000C8505,0,1,1,4294967295,0,0
HS_5G,400,160,002D2129,0,1,1,4294967295,0,0
HS_5G,1104,240,00066111,0,1,1,4294967295,0,0
HS_5G,1504,304,0034A5A4,0,1,1,4294967295,0,0
HS_5G,2720,96,001FA5D4,0,1,1,4294967295,0,0
HS_5G,2528,96,00205E5C,0,1,1,4294967295,0,0
HS_5G,2688,448,001979C3,0,1,1,4294967295,0,0
HS_5G,3408,224,001738FB,0,1,1,4294967295,0,0
HS_5G,3680,704,00220D22,0,1,1,4294967295,0,0
HS_5G,3152,912,002226C2,0,1,1,4294967295,0,0
HS_5G,3712,1104,0032B26E,0,1,1,4294967295,0,0
HS_5G,2272,896,00360876,0,1,1,4294967295,0,0
HS_5G,2144,608,0030C746,0,1,1,4294967295,0,0
HS_5G,576,592,00042E79,0,1,1,4294967295,0,0
HS_5G,464,1264,0021D80C,0,1,1,4294967295,0,0
HS_5G,848,1360,002110D2,0,1,1,4294967295,0,0
Bushes,976,1424,00100DDA,0,1,1,4294967295,0,0
Bushes,1088,1824,0007B795,0,1,1,4294967295,0,0
HS_5G,1472,1712,0030D79B,0,1,1,4294967295,0,0
Bushes,1360,1776,00104127,0,1,1,4294967295,0,0
Bushes,1792,1888,002D2A53,0,1,1,4294967295,0,0
Bushes,2016,1888,002C9BCD,0,1,1,4294967295,0,0
Bushes,2384,1888,002DB6B9,0,1,1,4294967295,0,0
Bushes,2624,1888,0005BA9B,0,1,1,4294967295,0,0
Bushes,3008,1712,0028E866,0,1,1,4294967295,0,0
HS_5G,2704,1504,0039B4D2,0,1,1,4294967295,0,0
Bushes,1456,1152,0011286B,0,1,1,4294967295,0,0
Bushes,2096,1312,00378D51,0,1,1,4294967295,0,0
Bushes,2384,1312,00034746,0,1,1,4294967295,0,0
Bushes,2736,1248,001D36CA,0,1,1,4294967295,0,0
HS_5G,2656,1184,001A5720,0,1,1,4294967295,0,0
HS_5G,2240,1248,0004E5D4,0,1,1,4294967295,0,0
HS_5G,1328,1088,000715E3,0,1,1,4294967295,0,0
HS_5G,1728,1088,00135A6F,0,1,1,4294967295,0,0
Bushes,3008,1616,000A84A9,0,1,1,4294967295,0,0
HSE_GA,80,656,0012CF2A,0,1,1,4294967295,0,0
HSE_GA,1840,960,002942B9,0,1,1,4294967295,0,0
HSE_GA,3616,1488,0011C653,0,1,1,4294967295,0,1
HSE_GA,2832,464,003E8F33,0,1,1,4294967295,0,0
HSE_GA,448,224,002F4E9E,0,1,1,4294967295,0,1
HSE_GA,832,1104,002048EC,0,1,1,4294967295,0,1
HSE_GA,1936,80,0008764A,0,1,1,4294967295,0,1
HSE_GA,288,1296,002C5D25,0,1,1,4294967295,0,1
HSE_GA,2592,1248,0039EE12,0,1,1,4294967295,0,1
title_card,512,0,0020031C,0,1,1,4294967295,0,0
DarkCircle,3216,16,0006885A,0,1,1,4294967295,0,0
lvlcontroller,608,0,00014D43,0,1,1,4294967295,0,0
Timer,0,0,001624D8,0,1,1,4294967295,0,0
