FinalBackground,352,4000,00059337,0,1,1,4294967295,0,0
MasterEmerald,384,352,00193A47,0,1,1,4294967295,0,0
HvostStand,1408,352,00191687,0,1,1,4294967295,0,0
StripSpike,4256,1840,0029DCBA,0,1,1,4294967295,0,0
FinalGround2,20112,4672,000C8CC9,0,1,1,4294967295,0,0
StripSpike,4224,1840,0030F991,0,1,1,4294967295,0,0
FinalGround2,4272,1808,001555AC,0,1,1,4294967295,0,0
Solid,32,3936,0028946D,0,1,1,4294967295,0,1
SonicExeCutscene,16,4032,001D3771,0,1,1,4294967295,0,0
Solid,4448,4160,00368C3F,0,1,1,4294967295,0,0
FinalExetior,4336,4256,002C8262,0,1,1,4294967295,0,0
FinalPoint2,4240,4096,003CE021,0,1,1,4294967295,0,0
FinalPoint1,3200,4160,003F88B8,0,1,1,4294967295,0,0
FinalGroundDown,4544,2144,000F9027,0,1,1,4294967295,0,0
FinalGroundDown,4608,2144,00016908,0,1,1,4294967295,0,0
FinalGroundDown,4672,2144,000716B0,0,1,1,4294967295,0,0
FinalGroundDown,4736,2144,003AB4FD,0,1,1,4294967295,0,0
FinalGroundDown,4800,2144,0003F415,0,1,1,4294967295,0,0
FinalGroundDown,4864,2144,00167FFB,0,1,1,4294967295,0,0
FinalGroundDown,4928,2144,000C40D5,0,1,1,4294967295,0,0
FinalGroundDown,4992,2144,003C20A7,0,1,1,4294967295,0,0
FinalGroundDown,5056,2144,0018520D,0,1,1,4294967295,0,0
FinalGroundDown,5120,2144,001F667C,0,1,1,4294967295,0,0
FinalGroundDown,5184,2144,00111EA5,0,1,1,4294967295,0,0
FinalGroundDown,5248,2144,0012CBE8,0,1,1,4294967295,0,0
FinalGroundDown,5312,2144,00175CD2,0,1,1,4294967295,0,0
FinalGroundDown,5376,2144,003D3473,0,1,1,4294967295,0,0
FinalGroundDown,5440,2144,003E182B,0,1,1,4294967295,0,0
FinalGroundDown,5504,2144,00099D2D,0,1,1,4294967295,0,0
FinalGroundDown,5568,2144,002D4028,0,1,1,4294967295,0,0
FinalGroundDown,5632,2144,000EEE47,0,1,1,4294967295,0,0
FinalGroundDown,5696,2144,0031AF79,0,1,1,4294967295,0,0
FinalGroundDown,5760,2144,00340018,0,1,1,4294967295,0,0
FinalGroundDown,5824,2144,0005A7D7,0,1,1,4294967295,0,0
FinalGroundDown,5888,2144,001A260C,0,1,1,4294967295,0,0
FinalGroundDown,5952,2144,0000E99C,0,1,1,4294967295,0,0
FinalGroundDown,6016,2144,0015FA6C,0,1,1,4294967295,0,0
FinalGroundDown,6080,2144,0033A405,0,1,1,4294967295,0,0
FinalGroundDown,6144,2144,0014B1BB,0,1,1,4294967295,0,0
FinalGroundDown,6208,2144,002D5E84,0,1,1,4294967295,0,0
FinalGroundDown,6272,2144,00205B0D,0,1,1,4294967295,0,0
FinalGroundDown,6336,2144,00300F6C,0,1,1,4294967295,0,0
FinalGroundDown,6400,2144,003551A4,0,1,1,4294967295,0,0
FinalGroundDown,6464,2144,002B7EC8,0,1,1,4294967295,0,0
FinalGroundDown,6528,2144,00027126,0,1,1,4294967295,0,0
FinalGroundDown,6592,2144,001975E0,0,1,1,4294967295,0,0
FinalGroundDown,6656,2144,0034529E,0,1,1,4294967295,0,0
FinalGroundDown,6720,2144,002949C1,0,1,1,4294967295,0,0
FinalGroundDown,6784,2144,002F655C,0,1,1,4294967295,0,0
FinalGroundDown,6848,2144,0021B411,0,1,1,4294967295,0,0
FinalGroundDown,6912,2144,003FED96,0,1,1,4294967295,0,0
FinalGroundDown,6976,2144,0009B5E5,0,1,1,4294967295,0,0
FinalGroundDown,7040,2144,003718EC,0,1,1,4294967295,0,0
FinalGroundDown,7104,2144,002F20C2,0,1,1,4294967295,0,0
FinalGroundDown,7168,2144,002F41E4,0,1,1,4294967295,0,0
FinalGroundDown,7232,2144,0024E228,0,1,1,4294967295,0,0
FinalGroundDown,7296,2144,003080C6,0,1,1,4294967295,0,0
FinalGroundDown,7360,2144,00049C7C,0,1,1,4294967295,0,0
FinalGroundDown,7424,2144,00166971,0,1,1,4294967295,0,0
FinalGroundDown,7488,2144,0023FB2F,0,1,1,4294967295,0,0
FinalGroundDown,7552,2144,0036EAC5,0,1,1,4294967295,0,0
FinalGroundDown,7616,2144,0013AEDE,0,1,1,4294967295,0,0
FinalGroundDown,7680,2144,0028561D,0,1,1,4294967295,0,0
FinalGroundDown,7744,2144,00287FA1,0,1,1,4294967295,0,0
FinalGroundDown,7808,2144,0013843D,0,1,1,4294967295,0,0
FinalGroundDown,7872,2144,00288E7C,0,1,1,4294967295,0,0
FinalGroundDown,7936,2144,0025BEF4,0,1,1,4294967295,0,0
FinalGroundDown,8000,2144,003562E2,0,1,1,4294967295,0,0
FinalGroundDown,8064,2144,003B6C51,0,1,1,4294967295,0,0
FinalGroundDown,8128,2144,0037D945,0,1,1,4294967295,0,0
FinalGroundRSide,8256,2240,002A23D0,0,1,1,4294967295,0,0
FinalGroundRSide,8384,2368,00279FCF,0,1,1,4294967295,0,0
FinalGroundRSide,8512,2496,0014CD0A,0,1,1,4294967295,0,0
FinalGroundRSide,8640,2624,001D6EE3,0,1,1,4294967295,0,0
FinalGroundRSide,8768,2752,0032F595,0,1,1,4294967295,0,0
FinalGroundRSide,8896,2880,001911FA,0,1,1,4294967295,0,0
FinalGroundRSide,9024,3008,00114ACA,0,1,1,4294967295,0,0
FinalGroundRSide,9152,3136,003189FF,0,1,1,4294967295,0,0
FinalGroundRSide,9280,3264,0011C5C9,0,1,1,4294967295,0,0
FinalGroundRSide,9408,3392,00175F25,0,1,1,4294967295,0,0
FinalGroundRSide,9536,3520,002C7D5F,0,1,1,4294967295,0,0
FinalGroundRSide,9664,3648,00243D07,0,1,1,4294967295,0,0
FinalGroundRSide,9792,3776,0008C41D,0,1,1,4294967295,0,0
FinalGroundRSide,9920,3904,002B0A2B,0,1,1,4294967295,0,0
FinalGroundRSide,10048,4032,003B7FBA,0,1,1,4294967295,0,0
FinalGroundRSide,10176,4160,0026D0D5,0,1,1,4294967295,0,0
FinalGroundRSide,10304,4288,001E5D29,0,1,1,4294967295,0,0
FinalGroundDown,10384,4064,00392C36,0,1,1,4294967295,0,0
FinalGroundDown,10448,4064,00024EC3,0,1,1,4294967295,0,0
FinalGroundDown,10512,4064,003157C6,0,1,1,4294967295,0,0
FinalGroundDown,10320,4064,000912F6,0,1,1,4294967295,0,0
FinalGroundDown,10576,4064,001B3A44,0,1,1,4294967295,0,0
FinalGroundDown,10640,4064,00171DE4,0,1,1,4294967295,0,0
FinalGroundDown,10704,4064,000A6955,0,1,1,4294967295,0,0
FinalGroundDown,10768,4064,00230B9C,0,1,1,4294967295,0,0
FinalGroundDown,10832,4064,0018071C,0,1,1,4294967295,0,0
FinalGroundDown,10896,4064,0026CF63,0,1,1,4294967295,0,0
FinalGroundDown,10960,4064,0003F7BA,0,1,1,4294967295,0,0
FinalGroundDown,11024,4064,0020B0EF,0,1,1,4294967295,0,0
FinalGroundDown,11088,4064,00374DFA,0,1,1,4294967295,0,0
FinalGroundDown,11152,4064,00079DB1,0,1,1,4294967295,0,0
FinalGroundDown,11216,4064,002DBDA2,0,1,1,4294967295,0,0
FinalGroundDown,11280,4064,001E7C5F,0,1,1,4294967295,0,0
FinalGroundDown,11344,4064,003CC80E,0,1,1,4294967295,0,0
FinalGroundDown,11408,4064,000CFFFA,0,1,1,4294967295,0,0
FinalGroundDown,11472,4064,001296DD,0,1,1,4294967295,0,0
FinalGroundDown,11696,4064,002096CF,0,1,1,4294967295,0,0
FinalGroundDown,11760,4064,0025A36F,0,1,1,4294967295,0,0
FinalGroundDown,11824,4064,0023426C,0,1,1,4294967295,0,0
FinalGroundDown,11888,4064,002509E6,0,1,1,4294967295,0,0
FinalGroundDown,11952,4064,0035BE7F,0,1,1,4294967295,0,0
FinalGroundDown,12016,4064,00122525,0,1,1,4294967295,0,0
FinalGroundDown,12080,4064,000C7126,0,1,1,4294967295,0,0
FinalGroundDown,12144,4064,0008A1B3,0,1,1,4294967295,0,0
FinalGroundDown,12208,4064,003B532F,0,1,1,4294967295,0,0
FinalGroundDown,12272,4064,00170021,0,1,1,4294967295,0,0
FinalGroundDown,12336,4064,0024EA73,0,1,1,4294967295,0,0
FinalGroundDown,12400,4064,00021B52,0,1,1,4294967295,0,0
FinalGroundDown,12464,4064,0012705C,0,1,1,4294967295,0,0
FinalGroundDown,12736,4144,00016D6C,0,1,1,4294967295,0,0
FinalGroundDown,12800,4144,0023C156,0,1,1,4294967295,0,0
FinalGroundDown,12864,4144,001B5373,0,1,1,4294967295,0,0
FinalGroundDown,12928,4144,0024F092,0,1,1,4294967295,0,0
FinalGroundDown,12992,4144,002A4293,0,1,1,4294967295,0,0
FinalGroundRSide,10432,4416,0022BAF2,0,1,1,4294967295,0,0
FinalGroundRSide,10560,4544,0021776D,0,1,1,4294967295,0,0
FinalGroundRSide,10688,4672,00270959,0,1,1,4294967295,0,0
FinalGroundRSide,10816,4800,003F9284,0,1,1,4294967295,0,0
FinalGroundRSide,10944,4928,00008597,0,1,1,4294967295,0,0
FinalGroundDown,11040,4976,0030235D,0,1,1,4294967295,0,0
FinalGroundDown,11104,4976,0018F996,0,1,1,4294967295,0,0
FinalGroundDown,11168,4976,00044E42,0,1,1,4294967295,0,0
FinalGroundDown,11232,4976,000769A2,0,1,1,4294967295,0,0
FinalGroundDown,11296,4976,000A7B06,0,1,1,4294967295,0,0
FinalGroundDown,11360,4976,0013EF8D,0,1,1,4294967295,0,0
FinalGroundDown,11424,4976,000EB446,0,1,1,4294967295,0,0
FinalGroundDown,11488,4976,000C55A3,0,1,1,4294967295,0,0
FinalGroundDown,11552,4976,0018673E,0,1,1,4294967295,0,0
FinalGroundDown,11616,4976,00026800,0,1,1,4294967295,0,0
FinalGroundDown,11680,4976,001DDFEC,0,1,1,4294967295,0,0
FinalGroundDown,11744,4976,0010A9CA,0,1,1,4294967295,0,0
FinalGroundDown,11808,4976,0026A41B,0,1,1,4294967295,0,0
FinalGroundDown,11872,4976,0034121C,0,1,1,4294967295,0,0
FinalGroundDown,11936,4976,003742D2,0,1,1,4294967295,0,0
FinalGroundDown,12000,4976,003B573C,0,1,1,4294967295,0,0
FinalGroundDown,12064,4976,00215409,0,1,1,4294967295,0,0
FinalGroundDown,12128,4976,0009228A,0,1,1,4294967295,0,0
FinalGroundDown,12192,4976,0001F82F,0,1,1,4294967295,0,0
FinalGroundDown,12256,4976,0010374A,0,1,1,4294967295,0,0
FinalGroundDown,12320,4976,0009068A,0,1,1,4294967295,0,0
FinalGroundDown,12384,4976,000A07E0,0,1,1,4294967295,0,0
FinalGroundDown,12448,4976,002F31CB,0,1,1,4294967295,0,0
FinalGroundDown,12512,4976,00203469,0,1,1,4294967295,0,0
FinalGroundDown,12576,4976,003666B5,0,1,1,4294967295,0,0
FinalGroundDown,12640,4976,00023C8B,0,1,1,4294967295,0,0
FinalGroundDown,12704,4976,00042450,0,1,1,4294967295,0,0
FinalGroundDown,12768,4976,0032943D,0,1,1,4294967295,0,0
FinalGroundDown,12832,4976,000D7B19,0,1,1,4294967295,0,0
FinalGroundDown,12896,4976,0014FA62,0,1,1,4294967295,0,0
FinalGroundDown,12960,4976,003AB7DD,0,1,1,4294967295,0,0
FinalGround2,13600,4976,000534FB,0,1,1,4294967295,0,0
FinalGround2,13664,4976,00190246,0,1,1,4294967295,0,0
FinalGround2,13728,4976,00057CC0,0,1,1,4294967295,0,0
FinalGround2,13792,4976,0027A508,0,1,1,4294967295,0,0
FinalGround2,13856,4976,0007D549,0,1,1,4294967295,0,0
FinalGround2,13920,4976,000888A5,0,1,1,4294967295,0,0
FinalGroundDown,4496,2144,000585D1,0,1,1,4294967295,0,0
HPGround,192,416,003D5CDE,0,1,1,4294967295,0,0
HPGround,576,416,00071EFE,0,1,1,4294967295,0,0
HPGround,960,416,002CB39B,0,1,1,4294967295,0,0
HPGround,1344,416,0025ED9D,0,1,1,4294967295,0,0
HPGround,1728,416,003BEE4B,0,1,1,4294967295,0,0
HPGround,2112,416,00133F4C,0,1,1,4294967295,0,0
HPGround,2496,416,000DA136,0,1,1,4294967295,0,0
Solid,16,192,001A1D89,0,1,1,4294967295,0,0
Solid,2512,176,0000A8A9,0,1,1,4294967295,0,0
HPK,1504,352,00353A77,0,1,1,4294967295,0,0
HPT,1424,352,0015066E,0,1,1,4294967295,0,0
HPE,1328,352,000E4E46,0,1,1,4294967295,0,0
Warn1,224,288,002D614F,0,1,1,4294967295,0,0
TipArrowUp,10112,3872,001B4590,0,1,1,4294967295,0,0
TipArrowUp,12944,4880,00080F0B,0,1,1,4294967295,0,0
TipArrowUp,12528,3968,001CCC16,0,1,1,4294967295,0,0
TipArrowUp,11472,3968,002F9B8A,0,1,1,4294967295,0,0
FinalGroundRSide,13104,4224,0034CA2C,0,1,1,4294967295,0,0
FinalGroundRSide,13232,4352,002A8558,0,1,1,4294967295,0,0
FinalGroundRSide,13360,4480,0003124A,0,1,1,4294967295,0,0
FinalGroundRSide,13488,4608,0009B175,0,1,1,4294967295,0,0
Ring,11104,4016,0000595A,0,1,1,4294967295,0,0
Ring,11136,4016,0028CF1D,0,1,1,4294967295,0,0
Ring,11168,4016,0006C9A0,0,1,1,4294967295,0,0
Ring,10560,4016,00027555,0,1,1,4294967295,0,0
Ring,10592,4016,0029EF5F,0,1,1,4294967295,0,0
Ring,10624,4016,000073EC,0,1,1,4294967295,0,0
Ring,11536,3968,00064C31,0,1,1,4294967295,0,0
Ring,11632,3968,00388369,0,1,1,4294967295,0,0
Ring,11584,3952,00172E9A,0,1,1,4294967295,0,0
Ring,12016,4016,00271B9D,0,1,1,4294967295,0,0
Ring,12128,4016,000763A0,0,1,1,4294967295,0,0
Ring,12240,4016,00245072,0,1,1,4294967295,0,0
Ring,12560,3968,0022E3E6,0,1,1,4294967295,0,0
Ring,12592,3968,0001FB84,0,1,1,4294967295,0,0
Ring,12624,3968,0020DF1C,0,1,1,4294967295,0,0
Ring,13120,4864,002650BD,0,1,1,4294967295,0,0
Ring,13184,4864,000556ED,0,1,1,4294967295,0,0
Ring,13056,4864,0016BAF0,0,1,1,4294967295,0,0
FinalTimer,0,3696,002E7D85,0,1,1,4294967295,0,0
FinalGroundDown,14112,4976,00068664,0,1,1,4294967295,0,0
FinalGroundDown,14176,4976,0007C819,0,1,1,4294967295,0,0
FinalGroundDown,14240,4976,00201232,0,1,1,4294967295,0,0
FinalGroundDown,14304,4976,000F01AA,0,1,1,4294967295,0,0
FinalGroundDown,14368,4976,0026E1FB,0,1,1,4294967295,0,0
FinalGroundDown,14432,4976,0024AE03,0,1,1,4294967295,0,0
FinalGroundDown,14496,4976,0010FEAB,0,1,1,4294967295,0,0
FinalGroundDown,14560,4976,003B39B2,0,1,1,4294967295,0,0
FinalGroundDown,14624,4976,002DA092,0,1,1,4294967295,0,0
FinalGroundDown,14688,4976,000F049E,0,1,1,4294967295,0,0
FinalGroundDown,14752,4976,0015263A,0,1,1,4294967295,0,0
FinalGroundDown,18208,4464,001207EE,0,1,1,4294967295,0,0
FinalGroundDown,18272,4464,00081753,0,1,1,4294967295,0,0
FinalGroundDown,18336,4464,0027B5E6,0,1,1,4294967295,0,0
FinalGroundDown,18400,4464,0032209F,0,1,1,4294967295,0,0
FinalGroundDown,18464,4464,000F5A22,0,1,1,4294967295,0,0
FinalGroundDown,18528,4464,002D78F7,0,1,1,4294967295,0,0
FinalGroundDown,18592,4464,003491EE,0,1,1,4294967295,0,0
FinalGroundDown,18656,4464,003D6F4A,0,1,1,4294967295,0,0
FinalGroundDown,18720,4464,00245FEA,0,1,1,4294967295,0,0
FinalGround2,19168,4464,001B70C1,0,1,1,4294967295,0,0
FinalGround2,19232,4464,00047CF8,0,1,1,4294967295,0,0
FinalGround2,19296,4464,002A26F5,0,1,1,4294967295,0,0
FinalGround2,19360,4464,000681C2,0,1,1,4294967295,0,0
FinalGround2,19424,4464,001D3901,0,1,1,4294967295,0,0
TipArrowRight,14032,4864,0035D3B8,0,1,1,4294967295,0,0
TipArrowUp,15088,4816,00008948,0,1,1,4294967295,0,0
TipArrowUp,17472,4496,00128D6A,0,1,1,4294967295,0,0
GroundSolid2,4400,4528,00314B3D,0,1,1,4294967295,0,0
GroundSolid2,4208,4528,0022B152,0,1,1,4294967295,0,0
GroundSolid2,4592,4528,00234514,0,1,1,4294967295,0,0
GroundSolid2,4016,4528,0030379A,0,1,1,4294967295,0,0
GroundSolid2,4832,4528,003D5528,0,1,1,4294967295,0,0
GroundSolid2,3776,4528,0012081C,0,1,1,4294967295,0,0
GroundSolid2,3552,4528,001358C8,0,1,1,4294967295,0,0
GroundSolid2,5072,4528,0038DD98,0,1,1,4294967295,0,0
FinalGround2,3952,1776,0009BE9B,0,1,1,4294967295,0,0
FinalGround2,4016,1776,000C0A81,0,1,1,4294967295,0,0
FinalGround2,4080,1776,003AA4DA,0,1,1,4294967295,0,0
FinalGround2,4144,1776,002EA1B6,0,1,1,4294967295,0,0
FinalGround2,4208,1776,0010EBBF,0,1,1,4294967295,0,0
FinalGround2,4272,1776,000E2C02,0,1,1,4294967295,0,0
FinalGround2,4336,1776,0008B3E4,0,1,1,4294967295,0,0
FinalGround2,4400,1776,0022BDA9,0,1,1,4294967295,0,0
FinalGround2,4448,1776,0039FD54,0,1,1,4294967295,0,0
StripSpike,4352,1808,00241403,0,1,1,4294967295,0,0
StripSpike,4416,1808,000D4638,0,1,1,4294967295,0,0
StripSpike,3984,1808,003A8722,0,1,1,4294967295,0,0
StripSpike,4064,1808,002E2ADC,0,1,1,4294967295,0,0
FinalGround2,13920,4592,003C548C,0,1,1,4294967295,0,0
FinalGround2,13920,4560,003AE425,0,1,1,4294967295,0,0
FinalGround2,13920,4528,00114E77,0,1,1,4294967295,0,0
FinalGround2,13920,4496,00024AAE,0,1,1,4294967295,0,0
FinalGround2,13920,4464,00205844,0,1,1,4294967295,0,0
FinalGround2,13920,4432,001AEAFF,0,1,1,4294967295,0,0
FinalGround2,13920,4400,0008F500,0,1,1,4294967295,0,0
FinalGround2,13920,4368,003E757D,0,1,1,4294967295,0,0
FinalGround2,13920,4336,00070D05,0,1,1,4294967295,0,0
FinalGround2,13920,4304,00050B85,0,1,1,4294967295,0,0
FinalGround2,13920,4272,0023538A,0,1,1,4294967295,0,0
FinalGround2,13920,4240,001D7D1D,0,1,1,4294967295,0,0
FinalGround2,13920,4208,00075D03,0,1,1,4294967295,0,0
FinalGround2,13920,4176,0039BCDF,0,1,1,4294967295,0,0
FinalGround2,13920,4144,00179127,0,1,1,4294967295,0,0
FinalGround2,13920,4112,00361F35,0,1,1,4294967295,0,0
FinalGround2,13920,4080,00033E76,0,1,1,4294967295,0,0
FinalGround2,13920,4048,00151AD8,0,1,1,4294967295,0,0
FinalGround2,13920,4016,0021D9D1,0,1,1,4294967295,0,0
FinalPoint4,13584,4720,003E91D7,0,1,1,4294967295,0,0
FinalPoint4,13584,4224,00328568,0,1,1,4294967295,0,0
FinalPoint5,19168,4368,00204744,0,1,1,4294967295,0,0
FinalGroundDown,19104,4464,0019B8D9,0,1,1,4294967295,0,0
FinalGroundDown,19040,4464,003EB3F3,0,1,1,4294967295,0,0
FinalGroundDown,18784,4464,0001E86E,0,1,1,4294967295,0,0
FinalGroundDown,18848,4464,000C8C8D,0,1,1,4294967295,0,0
FinalGroundDown,18912,4464,0031DDC4,0,1,1,4294967295,0,0
FinalGroundDown,18976,4464,00061E8B,0,1,1,4294967295,0,0
FinalGroundDown,13536,4976,0012922A,0,1,1,4294967295,0,0
FinalGroundDown,13280,4976,000387A0,0,1,1,4294967295,0,0
FinalGroundDown,13344,4976,000C94A2,0,1,1,4294967295,0,0
FinalGroundDown,13408,4976,0014A2F5,0,1,1,4294967295,0,0
FinalGroundDown,13472,4976,00293A79,0,1,1,4294967295,0,0
FinalGroundDown,13984,5040,0039B0D2,0,1,1,4294967295,0,0
FinalGroundDown,14048,4976,00286BB4,0,1,1,4294967295,0,0
StripSpike,4144,1808,002BFD5B,0,1,1,4294967295,0,0
FinalGround2,4208,1808,003BCA1E,0,1,1,4294967295,0,0
Warn2,4832,4176,0007ADA5,0,1,1,4294967295,0,0
Ring,4336,4208,002DEE22,0,1,1,4294967295,0,0
Ring,4304,4208,001AD21D,0,1,1,4294967295,0,0
Ring,4368,4208,000F74A0,0,1,1,4294967295,0,0
Ring,4064,2544,00216C34,0,1,1,4294967295,0,0
Ring,4112,2544,00040731,0,1,1,4294967295,0,0
Ring,4160,2544,0018FFC4,0,1,1,4294967295,0,0
Ring,4208,2544,00316493,0,1,1,4294967295,0,0
Ring,4256,2544,0005399E,0,1,1,4294967295,0,0
Ring,4304,2544,00160F68,0,1,1,4294967295,0,0
Ring,4352,2544,001F9EA9,0,1,1,4294967295,0,0
Ring,4400,2544,001C518A,0,1,1,4294967295,0,0
Ring,4448,2544,002068E2,0,1,1,4294967295,0,0
Ring,14160,4928,0009AB61,0,1,1,4294967295,0,0
Ring,14192,4928,0039E628,0,1,1,4294967295,0,0
Ring,14224,4928,00397323,0,1,1,4294967295,0,0
Ring,14256,4928,0023083B,0,1,1,4294967295,0,0
Ring,19376,4384,00384FCE,0,1,1,4294967295,0,0
Ring,19248,4384,00180DF2,0,1,1,4294967295,0,0
Ring,19312,4352,002B608B,0,1,1,4294967295,0,0
Solid,13888,4720,001D021C,0,1,1,4294967295,0,0
FinalGroundDown,19936,4496,0004D4EB,0,1,1,4294967295,0,0
FinalGroundDown,20000,4496,00018730,0,1,1,4294967295,0,0
FinalGroundDown,20064,4496,003173CD,0,1,1,4294967295,0,0
FinalGroundDown,20432,4672,0002C6A2,0,1,1,4294967295,0,0
FinalGroundDown,20496,4672,0003DD8B,0,1,1,4294967295,0,0
FinalGroundDown,20560,4672,000E19B1,0,1,1,4294967295,0,0
FinalGroundDown,20624,4672,0034A1AF,0,1,1,4294967295,0,0
FinalGroundDown,20688,4672,000F3BD1,0,1,1,4294967295,0,0
FinalGroundDown,20752,4672,002D6257,0,1,1,4294967295,0,0
FinalGroundDown,20816,4672,0023AC75,0,1,1,4294967295,0,0
FinalGroundDown,20880,4672,0028DD46,0,1,1,4294967295,0,0
FinalGroundDown,20944,4672,0003BA6C,0,1,1,4294967295,0,0
FinalGroundDown,21008,4672,002D2A92,0,1,1,4294967295,0,0
FinalGroundDown,21072,4672,0002EECC,0,1,1,4294967295,0,0
FinalGroundDown,21136,4640,00384F2F,0,1,1,4294967295,0,0
FinalGroundDown,21136,4608,001C414E,0,1,1,4294967295,0,0
FinalGroundDown,21200,4608,002F5F3A,0,1,1,4294967295,0,0
FinalGroundDown,21200,4640,003ED756,0,1,1,4294967295,0,0
FinalGroundDown,21136,4672,003ED8C8,0,1,1,4294967295,0,0
FinalGroundDown,21200,4672,0016D323,0,1,1,4294967295,0,0
FinalGroundDown,21264,4672,0015E80F,0,1,1,4294967295,0,0
FinalGroundDown,21328,4672,0005666B,0,1,1,4294967295,0,0
FinalGroundDown,21392,4672,002EAB61,0,1,1,4294967295,0,0
FinalGroundDown,21456,4672,0005233A,0,1,1,4294967295,0,0
FinalGroundDown,21520,4672,0018ED91,0,1,1,4294967295,0,0
FinalGroundDown,21584,4672,003E2BA6,0,1,1,4294967295,0,0
FinalGroundDown,21648,4688,000370ED,0,1,1,4294967295,0,0
FinalGroundDown,21712,4704,0028804D,0,1,1,4294967295,0,0
FinalGroundDown,21776,4720,001E7C3D,0,1,1,4294967295,0,0
FinalGroundDown,21840,4736,003C7194,0,1,1,4294967295,0,0
FinalGroundDown,21904,4752,003C1AD4,0,1,1,4294967295,0,0
FinalGroundDown,21968,4768,002B5A22,0,1,1,4294967295,0,0
FinalGroundDown,22032,4768,002AF0F0,0,1,1,4294967295,0,0
FinalGroundDown,22096,4768,002D9ED4,0,1,1,4294967295,0,0
FinalGroundDown,22160,4768,001F4A42,0,1,1,4294967295,0,0
FinalGroundDown,22224,4768,001E0E7D,0,1,1,4294967295,0,0
FinalGroundDown,22288,4768,00172591,0,1,1,4294967295,0,0
FinalGroundDown,22352,4768,0024A04A,0,1,1,4294967295,0,0
FinalGroundDown,22416,4768,00286BD3,0,1,1,4294967295,0,0
FinalGroundDown,22480,4768,00269285,0,1,1,4294967295,0,0
FinalGroundDown,22544,4768,000D0B03,0,1,1,4294967295,0,0
FinalGroundDown,22608,4768,00021999,0,1,1,4294967295,0,0
FinalGroundDown,22672,4768,003B2CF9,0,1,1,4294967295,0,0
FinalGroundDown,22736,4768,00276272,0,1,1,4294967295,0,0
FinalGroundDown,22800,4736,0017CB6B,0,1,1,4294967295,0,0
FinalGroundDown,22800,4704,00042068,0,1,1,4294967295,0,0
FinalGroundDown,22864,4704,001B88DB,0,1,1,4294967295,0,0
FinalGroundDown,22928,4704,0031A3D9,0,1,1,4294967295,0,0
FinalGroundDown,22992,4704,0027FDD6,0,1,1,4294967295,0,0
FinalGroundDown,22800,4768,0016634A,0,1,1,4294967295,0,0
FinalGroundDown,22864,4768,002F3711,0,1,1,4294967295,0,0
FinalGroundDown,22928,4768,0023ABEE,0,1,1,4294967295,0,0
FinalGroundDown,22992,4768,003A90A9,0,1,1,4294967295,0,0
FinalGroundDown,22992,4736,001029E0,0,1,1,4294967295,0,0
FinalGroundDown,20064,4528,001CC914,0,1,1,4294967295,0,0
FinalGroundDown,20064,4560,0028D11B,0,1,1,4294967295,0,0
FinalGroundDown,20368,4672,0020DA37,0,1,1,4294967295,0,0
FinalGroundDown,20304,4672,001A5199,0,1,1,4294967295,0,0
FinalGroundDown,20240,4672,0034F42E,0,1,1,4294967295,0,0
FinalGroundDown,20176,4672,001B4DA2,0,1,1,4294967295,0,0
FinalGround2,19488,4496,003A46DC,0,1,1,4294967295,0,0
FinalGround2,19552,4496,0006ECE6,0,1,1,4294967295,0,0
FinalGround2,19616,4496,0016D4A7,0,1,1,4294967295,0,0
FinalGround2,19680,4496,001DCDE2,0,1,1,4294967295,0,0
FinalGround2,19744,4496,003B6AF9,0,1,1,4294967295,0,0
FinalGround2,19808,4496,00387010,0,1,1,4294967295,0,0
FinalGround2,19872,4496,001C5B36,0,1,1,4294967295,0,0
FinalGround2,20064,4592,000D047E,0,1,1,4294967295,0,0
FinalGround2,20064,4624,00362890,0,1,1,4294967295,0,0
FinalGround2,20064,4656,003F20C6,0,1,1,4294967295,0,0
FinalGround2,23056,4768,001FD546,0,1,1,4294967295,0,0
FinalGround2,23120,4768,003F02C6,0,1,1,4294967295,0,0
FinalGround2,23184,4768,001DB3F9,0,1,1,4294967295,0,0
FinalGround2,23248,4768,002D5CA1,0,1,1,4294967295,0,0
FinalGround2,23312,4768,00067E83,0,1,1,4294967295,0,0
FinalGround2,23376,4768,000F6D11,0,1,1,4294967295,0,0
FinalGround2,23440,4768,00180DC7,0,1,1,4294967295,0,0
FinalGround2,23504,4768,0028B873,0,1,1,4294967295,0,0
FinalGround2,23568,4768,0004D410,0,1,1,4294967295,0,0
FinalGround2,23632,4800,00121128,0,1,1,4294967295,0,0
FinalGround2,23696,4832,003A6658,0,1,1,4294967295,0,0
FinalGround2,23760,4864,00150C91,0,1,1,4294967295,0,0
FinalGround2,23824,4896,002321D3,0,1,1,4294967295,0,0
FinalGround2,23888,4928,00060FF5,0,1,1,4294967295,0,0
FinalGround2,23936,4928,001FE788,0,1,1,4294967295,0,0
FinalGround2,24000,4928,00052D88,0,1,1,4294967295,0,0
FinalGround2,24064,4928,001A8273,0,1,1,4294967295,0,0
FinalGround2,24128,4928,0004F285,0,1,1,4294967295,0,0
FinalGround2,24192,4928,001BD916,0,1,1,4294967295,0,0
FinalGround2,24256,4928,002AE538,0,1,1,4294967295,0,0
FinalGround2,24320,4928,00320CFE,0,1,1,4294967295,0,0
FinalGround2,24384,4896,002B5BAB,0,1,1,4294967295,0,0
FinalGround2,24384,4864,0011B5A2,0,1,1,4294967295,0,0
FinalGround2,24448,4864,0010F107,0,1,1,4294967295,0,0
FinalGround2,24512,4864,000FC9F7,0,1,1,4294967295,0,0
FinalGround2,24576,4864,000FD1F8,0,1,1,4294967295,0,0
FinalGround2,24640,4864,0016CDF1,0,1,1,4294967295,0,0
FinalGround2,24384,4928,003D7F94,0,1,1,4294967295,0,0
FinalGround2,24704,4864,000981EF,0,1,1,4294967295,0,0
FinalGround2,24768,4864,002D06C6,0,1,1,4294967295,0,0
FinalGround2,24832,4832,000952DD,0,1,1,4294967295,0,0
FinalGround2,24832,4800,00215DF8,0,1,1,4294967295,0,0
FinalGround2,24896,4800,0006E5C1,0,1,1,4294967295,0,0
FinalGround2,24960,4800,002CF1F5,0,1,1,4294967295,0,0
FinalGround2,24832,4864,001E0256,0,1,1,4294967295,0,0
FinalGround2,25024,4800,00177D38,0,1,1,4294967295,0,0
FinalGround2,25088,4800,0020B711,0,1,1,4294967295,0,0
FinalGround2,25152,4800,001E7E4A,0,1,1,4294967295,0,0
FinalGround2,25216,4800,00310313,0,1,1,4294967295,0,0
FinalGround2,25280,4800,0037BD62,0,1,1,4294967295,0,0
FinalGround2,25344,4800,0030D26C,0,1,1,4294967295,0,0
FinalGround2,25408,4800,0023D14D,0,1,1,4294967295,0,0
FinalGround2,25472,4800,003B96CB,0,1,1,4294967295,0,0
FinalGround2,25536,4768,001C9774,0,1,1,4294967295,0,0
FinalGround2,25536,4736,001C18BA,0,1,1,4294967295,0,0
FinalGround2,25536,4800,003E03FB,0,1,1,4294967295,0,0
FinalGround2,25600,4736,001B9A3B,0,1,1,4294967295,0,0
FinalGround2,25664,4736,00071E0E,0,1,1,4294967295,0,0
FinalGround2,25728,4736,002C7AA9,0,1,1,4294967295,0,0
FinalGround2,25792,4736,00293DBD,0,1,1,4294967295,0,0
FinalGround2,25856,4736,002D7FDD,0,1,1,4294967295,0,0
FinalGround2,25920,4736,0018AB3B,0,1,1,4294967295,0,0
FinalGround2,25984,4736,0020A3A4,0,1,1,4294967295,0,0
FinalGround2,26048,4736,000D0C12,0,1,1,4294967295,0,0
FinalGround2,26112,4736,0004C198,0,1,1,4294967295,0,0
FinalGround2,26112,4768,003014AA,0,1,1,4294967295,0,0
FinalGround2,26112,4800,002BDE35,0,1,1,4294967295,0,0
FinalGround2,26176,4800,0011CEB3,0,1,1,4294967295,0,0
FinalGround2,26240,4800,00273E37,0,1,1,4294967295,0,0
FinalGround2,26304,4800,0004F519,0,1,1,4294967295,0,0
FinalGround2,26368,4800,00290657,0,1,1,4294967295,0,0
FinalGround2,26432,4800,003FC5D8,0,1,1,4294967295,0,0
FinalGround2,26432,4768,003327B5,0,1,1,4294967295,0,0
FinalGround2,26432,4736,002CCA8B,0,1,1,4294967295,0,0
FinalGround2,26496,4736,001AFFBA,0,1,1,4294967295,0,0
FinalGround2,26560,4736,001A24A5,0,1,1,4294967295,0,0
FinalGround2,26624,4736,003610D4,0,1,1,4294967295,0,0
FinalGround2,26688,4736,000068AC,0,1,1,4294967295,0,0
FinalGround2,26752,4736,001F9E2A,0,1,1,4294967295,0,0
FinalGround2,26816,4736,003BB058,0,1,1,4294967295,0,0
FinalGround2,26880,4736,003E910B,0,1,1,4294967295,0,0
FinalGround2,26944,4736,003579FF,0,1,1,4294967295,0,0
FinalGround2,27008,4736,000C3DAF,0,1,1,4294967295,0,0
FinalGround2,27008,4768,000148F7,0,1,1,4294967295,0,0
FinalGround2,27008,4800,0009974B,0,1,1,4294967295,0,0
FinalGround2,27072,4800,003BFAA3,0,1,1,4294967295,0,0
FinalGround2,27136,4800,003CC069,0,1,1,4294967295,0,0
FinalGround2,27200,4800,002F4FC9,0,1,1,4294967295,0,0
FinalGround2,27264,4800,003C06C8,0,1,1,4294967295,0,0
FinalGround2,27296,4768,001580E9,0,1,1,4294967295,0,0
FinalGround2,27296,4736,0028203F,0,1,1,4294967295,0,0
FinalGround2,27328,4800,003961CF,0,1,1,4294967295,0,0
FinalGround2,27360,4736,002202C9,0,1,1,4294967295,0,0
FinalGround2,27424,4736,001A0649,0,1,1,4294967295,0,0
FinalGround2,27488,4736,0027A185,0,1,1,4294967295,0,0
FinalGround2,27552,4736,003A9D2C,0,1,1,4294967295,0,0
FinalGround2,27616,4736,000BF067,0,1,1,4294967295,0,0
FinalGround2,27680,4736,0036EB27,0,1,1,4294967295,0,0
FinalGround2,27744,4736,00209C58,0,1,1,4294967295,0,0
FinalGround2,27808,4736,0029200C,0,1,1,4294967295,0,0
FinalGround2,27872,4736,001F132F,0,1,1,4294967295,0,0
FinalGround2,27936,4736,0004BA1F,0,1,1,4294967295,0,0
FinalGround2,28000,4736,001D7E40,0,1,1,4294967295,0,0
Solid,19456,4192,002C1BA8,0,1,1,4294967295,0,0
TipArrowRight,20032,4432,000DBC0E,0,1,1,4294967295,0,0
TipArrowUp,20960,4560,001F229B,0,1,1,4294967295,0,0
TipArrowUp,22640,4656,002A0952,0,1,1,4294967295,0,0
TipArrowUp,24208,4816,00052F42,0,1,1,4294967295,0,0
TipArrowUp,24656,4768,003698BA,0,1,1,4294967295,0,0
TipArrowUp,25360,4704,00351AD5,0,1,1,4294967295,0,0
TipArrowUp,26112,4640,001A8BD9,0,1,1,4294967295,0,0
TipArrowUp,26992,4640,0012DB61,0,1,1,4294967295,0,0
FinalGroundDown,14752,4944,0035B96C,0,1,1,4294967295,0,0
FinalGroundDown,14752,4912,002335B7,0,1,1,4294967295,0,0
FinalGroundDown,14816,4912,0036253F,0,1,1,4294967295,0,0
FinalGroundDown,14880,4912,003AEF44,0,1,1,4294967295,0,0
FinalGroundDown,14944,4912,000C096C,0,1,1,4294967295,0,0
FinalGroundDown,15008,4912,002ECFD6,0,1,1,4294967295,0,0
FinalGroundDown,15072,4912,00080B69,0,1,1,4294967295,0,0
FinalGroundDown,15136,4912,0023BBA7,0,1,1,4294967295,0,0
FinalGroundDown,15264,4848,0007F3FC,0,1,1,4294967295,0,0
FinalGroundDown,15328,4848,000CB45D,0,1,1,4294967295,0,0
FinalGroundDown,15392,4848,00343C75,0,1,1,4294967295,0,0
FinalGroundDown,15456,4848,002E6CFE,0,1,1,4294967295,0,0
FinalGroundDown,15520,4848,002F0BB2,0,1,1,4294967295,0,0
FinalGroundDown,15584,4848,00321FE8,0,1,1,4294967295,0,0
FinalGroundDown,15648,4848,002EA975,0,1,1,4294967295,0,0
FinalGroundDown,15776,4784,00323428,0,1,1,4294967295,0,0
FinalGroundDown,15840,4784,0038E3B9,0,1,1,4294967295,0,0
FinalGroundDown,15904,4784,00354C2A,0,1,1,4294967295,0,0
FinalGroundDown,15968,4784,00150DEA,0,1,1,4294967295,0,0
FinalGroundDown,16032,4784,000FCDFA,0,1,1,4294967295,0,0
FinalGroundDown,16096,4784,003A3DB4,0,1,1,4294967295,0,0
FinalGroundDown,16224,4720,001F137D,0,1,1,4294967295,0,0
FinalGroundDown,16288,4720,002B33D4,0,1,1,4294967295,0,0
FinalGroundDown,16352,4720,003E534B,0,1,1,4294967295,0,0
FinalGroundDown,16416,4720,002D8378,0,1,1,4294967295,0,0
FinalGroundDown,16480,4720,00138A6B,0,1,1,4294967295,0,0
FinalGroundDown,16544,4720,0012FBB3,0,1,1,4294967295,0,0
FinalGroundDown,16608,4720,0001BDBB,0,1,1,4294967295,0,0
FinalGroundDown,16672,4720,0019813A,0,1,1,4294967295,0,0
FinalGroundDown,16672,4688,000E7F5F,0,1,1,4294967295,0,0
FinalGroundDown,16672,4656,0029D945,0,1,1,4294967295,0,0
FinalGroundDown,16736,4656,0015B435,0,1,1,4294967295,0,0
FinalGroundDown,16800,4656,002499F6,0,1,1,4294967295,0,0
FinalGroundDown,16864,4656,003F7C4A,0,1,1,4294967295,0,0
FinalGroundDown,16928,4656,003D68F0,0,1,1,4294967295,0,0
FinalGroundDown,16992,4656,0014C88D,0,1,1,4294967295,0,0
FinalGroundDown,17056,4656,00330975,0,1,1,4294967295,0,0
FinalGroundDown,17120,4656,001E2ADB,0,1,1,4294967295,0,0
FinalGroundDown,17184,4656,00232FFB,0,1,1,4294967295,0,0
FinalGroundDown,17184,4624,0009A9F0,0,1,1,4294967295,0,0
FinalGroundDown,17184,4592,00003F8F,0,1,1,4294967295,0,0
FinalGroundDown,17248,4592,00267ED9,0,1,1,4294967295,0,0
FinalGroundDown,17312,4592,00081C37,0,1,1,4294967295,0,0
FinalGroundDown,17376,4592,0016850F,0,1,1,4294967295,0,0
FinalGroundDown,17440,4592,0032E2FF,0,1,1,4294967295,0,0
FinalGroundDown,17504,4592,0030E87F,0,1,1,4294967295,0,0
FinalGroundDown,17568,4592,001E5F68,0,1,1,4294967295,0,0
FinalGroundDown,17632,4528,0037D2DD,0,1,1,4294967295,0,0
FinalGroundDown,17696,4528,0035C9D8,0,1,1,4294967295,0,0
FinalGroundDown,17760,4528,00380C00,0,1,1,4294967295,0,0
FinalGroundDown,17824,4528,00212BA7,0,1,1,4294967295,0,0
FinalGroundDown,17888,4528,0035AB34,0,1,1,4294967295,0,0
FinalGroundDown,17952,4528,003D2953,0,1,1,4294967295,0,0
FinalGroundDown,18016,4528,002330C4,0,1,1,4294967295,0,0
FinalGroundDown,18080,4528,003706D2,0,1,1,4294967295,0,0
FinalGroundDown,18144,4528,00270A38,0,1,1,4294967295,0,0
FinalGroundDown,18144,4496,001ECAEB,0,1,1,4294967295,0,0
FinalGroundDown,18144,4464,0001FF0C,0,1,1,4294967295,0,0
FinalGroundDown,16224,4752,00062AC2,0,1,1,4294967295,0,0
FinalGroundDown,16224,4784,00389387,0,1,1,4294967295,0,0
FinalGroundDown,16160,4784,0001DF74,0,1,1,4294967295,0,0
FinalGroundDown,15264,4880,0033F6F5,0,1,1,4294967295,0,0
FinalGroundDown,15264,4912,00269904,0,1,1,4294967295,0,0
FinalGroundDown,15200,4912,003A65DC,0,1,1,4294967295,0,0
FinalGroundDown,15776,4816,00326C66,0,1,1,4294967295,0,0
FinalGroundDown,15776,4848,0004FF0F,0,1,1,4294967295,0,0
FinalGroundDown,15712,4848,0022672D,0,1,1,4294967295,0,0
FinalGroundDown,17632,4560,0009334B,0,1,1,4294967295,0,0
FinalGroundDown,17632,4592,00377613,0,1,1,4294967295,0,0
Ring,14912,4864,00200A3B,0,1,1,4294967295,0,0
Ring,14976,4864,001322E4,0,1,1,4294967295,0,0
Ring,15040,4864,0034EE21,0,1,1,4294967295,0,0
Ring,15936,4736,001E3002,0,1,1,4294967295,0,0
Ring,16000,4736,003937E6,0,1,1,4294967295,0,0
Ring,16544,4576,002CF68D,0,1,1,4294967295,0,0
Ring,16592,4576,0014E750,0,1,1,4294967295,0,0
Ring,16656,4576,0034FF01,0,1,1,4294967295,0,0
Ring,17264,4544,0033A6B5,0,1,1,4294967295,0,0
Ring,17328,4544,0020B01E,0,1,1,4294967295,0,0
Ring,17392,4544,0013F15E,0,1,1,4294967295,0,0
Ring,18448,4416,000634BF,0,1,1,4294967295,0,0
Ring,18512,4416,0008B3EC,0,1,1,4294967295,0,0
Ring,18592,4416,000D95CD,0,1,1,4294967295,0,0
TipArrowUp,15616,4752,003EA70C,0,1,1,4294967295,0,0
TipArrowUp,16064,4688,0035935E,0,1,1,4294967295,0,0
TipArrowUp,16512,4624,000D73E9,0,1,1,4294967295,0,0
TipArrowUp,17024,4560,0006B440,0,1,1,4294967295,0,0
TipArrowUp,17984,4432,003C96BB,0,1,1,4294967295,0,0
FinalGroundDown,5568,2112,0027AE96,0,1,1,4294967295,0,0
FinalGroundDown,5632,2112,003FE5BB,0,1,1,4294967295,0,0
FinalGroundDown,5632,2080,0004B5C1,0,1,1,4294967295,0,0
FinalGroundDown,5568,2080,0026B491,0,1,1,4294967295,0,0
FinalGroundDown,6656,2112,003BF677,0,1,1,4294967295,0,0
FinalGroundDown,6720,2112,00188A60,0,1,1,4294967295,0,0
FinalGroundDown,6720,2080,002B267B,0,1,1,4294967295,0,0
FinalGroundDown,6656,2080,003BD949,0,1,1,4294967295,0,0
FinalGroundDown,7680,2112,001EF71D,0,1,1,4294967295,0,0
FinalGroundDown,7744,2112,002CD26C,0,1,1,4294967295,0,0
FinalGroundDown,7744,2080,0016B542,0,1,1,4294967295,0,0
FinalGroundDown,7680,2080,0006F245,0,1,1,4294967295,0,0
TipArrowUp,5360,2048,001B7FB6,0,1,1,4294967295,0,0
TipArrowUp,6448,2048,00375735,0,1,1,4294967295,0,0
TipArrowUp,7472,2048,003ED4F3,0,1,1,4294967295,0,0
TipArrowRight,4256,1984,001D6667,0,1,1,4294967295,0,1
TipArrowUp,14576,4880,0013BC4D,0,1,1,4294967295,0,0
FinalSonic,-64,4032,0038578C,0,1,1,4294967295,0,0
Ring,4096,2608,003BF6C9,0,1,1,4294967295,0,0
Ring,4144,2608,0021A0E3,0,1,1,4294967295,0,0
Ring,4192,2608,0025BC47,0,1,1,4294967295,0,0
Ring,4240,2608,0024680F,0,1,1,4294967295,0,0
Ring,4288,2608,002041C8,0,1,1,4294967295,0,0
Ring,4336,2608,00149CB6,0,1,1,4294967295,0,0
Ring,4384,2608,00071A1B,0,1,1,4294967295,0,0
Ring,4432,2608,002EA0E5,0,1,1,4294967295,0,0
FinalGround2,13984,4976,0027FB15,0,1,1,4294967295,0,0
FinalGround,160,4128,00146B2D,0,1,1,4294967295,0,0
FinalGround,480,4128,0003EC34,0,1,1,4294967295,0,0
FinalGround,800,4192,003A433C,0,1,1,4294967295,0,0
FinalGround,1120,4288,0007714D,0,1,1,4294967295,0,0
FinalGround,1440,4288,0001AD7B,0,1,1,4294967295,0,0
FinalGround,1760,4368,0039A17C,0,1,1,4294967295,0,0
FinalGround,2080,4368,0006B373,0,1,1,4294967295,0,0
FinalGround,2400,4368,003EA56F,0,1,1,4294967295,0,0
FinalGround,2720,4368,0020CEF9,0,1,1,4294967295,0,0
FinalGround,3040,4368,001F135B,0,1,1,4294967295,0,0
FinalGround,3360,4368,003C187B,0,1,1,4294967295,0,0
FinalGround,3680,4368,003D6FBA,0,1,1,4294967295,0,0
FinalGround,4000,4368,0012967D,0,1,1,4294967295,0,0
FinalGround,4320,4368,001A44B8,0,1,1,4294967295,0,0
FinalGround,4640,4368,0003642B,0,1,1,4294967295,0,0
FinalGround,-168,4128,002BA0FF,0,1,1,4294967295,0,0
title_card,0,3648,000FC64F,0,1,1,4294967295,0,0
Timer,16,3696,003CD7AC,0,1,1,4294967295,0,0
