Easter_Sequel,352,16,000DE9E1,0,1,1,4294967295,0,0
FF_Ground,576,224,00287AC7,0,1,1,4294967295,0,0
ScrapGround,640,208,001B1DA4,0,1,1,4294967295,0,0
ScrapGround,640,464,0002D676,0,1,1,4294967295,0,0
ScrapGround,128,480,0038B141,0,1,1,4294967295,0,0
ScrapGround,384,480,00027AB9,0,1,1,4294967295,0,0
ScrapGround,640,400,0025F145,0,1,1,4294967295,0,1
ScrapGround,640,128,00063399,0,1,1,4294967295,0,0
ScrapGround,640,-16,0008ECF2,0,1,1,4294967295,0,0
ScrapGround,384,-16,00015883,0,1,1,4294967295,0,0
ScrapGround,128,-16,00269066,0,1,1,4294967295,0,0
HalfSolid,512,224,002B752D,0,1,1,4294967295,0,0
HalfSolid,512,144,003A0B2B,0,1,1,4294967295,0,0
HalfSolid,512,80,000E48A3,0,1,1,4294967295,0,0
Solid,608,304,0030C2AC,0,1,1,4294967295,0,1
Solid,32,224,001E916D,0,1,1,4294967295,0,0
Timer,16,64,000A2369,0,1,1,4294967295,0,0
