BackGround_Egg,64,-16,0013EAFC,0,1,1,4294967295,0,0
BackGround_Egg,64,112,00374B7F,0,1,1,4294967295,0,0
BackGround_Egg,64,240,000CB34A,0,1,1,4294967295,0,0
BackGround_Egg,64,368,0024A882,0,1,1,4294967295,0,0
BackGround_Egg,64,496,003A1703,0,1,1,4294967295,0,0
BackGround_Egg,192,-16,0017E05B,0,1,1,4294967295,0,0
BackGround_Egg,192,112,000E2F7E,0,1,1,4294967295,0,0
BackGround_Egg,192,240,0033BD4C,0,1,1,4294967295,0,0
BackGround_Egg,192,368,002620C2,0,1,1,4294967295,0,0
BackGround_Egg,192,496,000052FF,0,1,1,4294967295,0,0
BackGround_Egg,320,-16,00160912,0,1,1,4294967295,0,0
BackGround_Egg,320,112,00132E95,0,1,1,4294967295,0,0
BackGround_Egg,320,240,00025C45,0,1,1,4294967295,0,0
BackGround_Egg,320,368,003A8A07,0,1,1,4294967295,0,0
BackGround_Egg,320,496,0016618C,0,1,1,4294967295,0,0
BackGround_Egg,448,-16,0039F204,0,1,1,4294967295,0,0
BackGround_Egg,448,112,0038E0C3,0,1,1,4294967295,0,0
BackGround_Egg,448,240,0004EE11,0,1,1,4294967295,0,0
BackGround_Egg,448,368,00272228,0,1,1,4294967295,0,0
BackGround_Egg,448,496,00182BF5,0,1,1,4294967295,0,0
BackGround_Egg,576,-16,000D6033,0,1,1,4294967295,0,0
BackGround_Egg,576,112,003A630D,0,1,1,4294967295,0,0
BackGround_Egg,576,240,000A811A,0,1,1,4294967295,0,0
BackGround_Egg,576,368,002ECFD2,0,1,1,4294967295,0,0
BackGround_Egg,576,496,00368451,0,1,1,4294967295,0,0
BackGround_Egg,704,-48,001B051C,0,1,1,4294967295,0,0
BackGround_Egg,704,80,0037CA1E,0,1,1,4294967295,0,0
BackGround_Egg,704,208,0039AEFB,0,1,1,4294967295,0,0
BackGround_Egg,832,-48,00236AA1,0,1,1,4294967295,0,0
BackGround_Egg,832,80,0015E793,0,1,1,4294967295,0,0
BackGround_Egg,832,208,0006828D,0,1,1,4294967295,0,0
BackGround_Egg,960,-48,000E5C5C,0,1,1,4294967295,0,0
BackGround_Egg,960,80,003FC261,0,1,1,4294967295,0,0
BackGround_Egg,960,208,002B3A6A,0,1,1,4294967295,0,0
BackGround_Egg,1088,-48,0030F4F9,0,1,1,4294967295,0,0
BackGround_Egg,1088,80,001770E1,0,1,1,4294967295,0,0
BackGround_Egg,1088,208,000349D2,0,1,1,4294967295,0,0
BackGround_Egg,1184,288,0020C7C8,0,1,1,4294967295,0,0
BackGround_Egg,1184,416,00227EFC,0,1,1,4294967295,0,0
BackGround_Egg,1200,160,0025C4CE,0,1,1,4294967295,0,0
BackGround_Egg,1216,32,003D142C,0,1,1,4294967295,0,0
BackGround_Egg,1280,416,000A1EE1,0,1,1,4294967295,0,0
BackGround_Egg,1296,32,002BE59B,0,1,1,4294967295,0,0
BackGround_Egg,1296,160,002695E2,0,1,1,4294967295,0,0
BackGround_Egg,1296,288,0006EA07,0,1,1,4294967295,0,0
BackGround_Egg,1424,-32,003662A9,0,1,1,4294967295,0,0
BackGround_Egg,1424,80,00334D7E,0,1,1,4294967295,0,0
BackGround_Egg,1424,208,0016A3F8,0,1,1,4294967295,0,0
BackGround_Egg,1552,-48,0034F566,0,1,1,4294967295,0,0
BackGround_Egg,1552,80,0026543A,0,1,1,4294967295,0,0
BackGround_Egg,1552,208,0014A57B,0,1,1,4294967295,0,0
BackGround_Egg,1680,-48,001E4B5F,0,1,1,4294967295,0,0
BackGround_Egg,1680,80,0009FBB9,0,1,1,4294967295,0,0
BackGround_Egg,1680,208,000175F9,0,1,1,4294967295,0,0
BackGround_Egg,1808,-16,002FD424,0,1,1,4294967295,0,0
BackGround_Egg,1808,80,0010C03C,0,1,1,4294967295,0,0
BackGround_Egg,1808,208,00259987,0,1,1,4294967295,0,0
BackGround_Egg,1936,-16,0008406D,0,1,1,4294967295,0,0
BackGround_Egg,1936,80,00317BB0,0,1,1,4294967295,0,0
BackGround_Egg,1936,208,001B6D20,0,1,1,4294967295,0,0
BackGround_Egg,2016,-32,0016941F,0,1,1,4294967295,0,0
BackGround_Egg,2032,80,0018BBA8,0,1,1,4294967295,0,0
BackGround_Egg,2032,208,0039F1EC,0,1,1,4294967295,0,0
Ground_Egg,1936,432,003DC62A,0,1,1,4294967295,0,0
Ground_Egg,2032,432,0022ED3D,0,1,1,4294967295,0,0
Ground_Egg,1824,432,00297B6B,0,1,1,4294967295,0,0
Ground_Egg,1712,432,000C968C,0,1,1,4294967295,0,0
Ground_Egg,1600,432,00366F01,0,1,1,4294967295,0,0
Ground_Egg,1488,432,0014B36E,0,1,1,4294967295,0,0
Ground_Egg,1376,416,002C4166,0,1,1,4294967295,0,0
Ground_Egg,1264,432,000AB9F6,0,1,1,4294967295,0,0
Ground_Egg,1168,432,0020F5BB,0,1,1,4294967295,0,0
Ground_Egg,1056,416,003854B5,0,1,1,4294967295,0,0
Ground_Egg,944,432,001C1FFE,0,1,1,4294967295,0,0
Ground_Egg,832,432,0004AA67,0,1,1,4294967295,0,0
Ground_Egg,720,416,000D3936,0,1,1,4294967295,0,0
Ground_Egg,384,416,003EA6A1,0,1,1,4294967295,0,0
Ground_Egg,608,416,0009EB29,0,1,1,4294967295,0,0
Ground_Egg,496,416,00048526,0,1,1,4294967295,0,0
Ground_Egg,48,416,002D473F,0,1,1,4294967295,0,0
Ground_Egg,224,432,000E26A5,0,1,1,4294967295,0,0
Ground_Egg,272,416,0009D6F3,0,1,1,4294967295,0,0
Ground_Egg,128,432,003EA426,0,1,1,4294967295,0,0
Ground_Egg,32,336,0002ECE3,0,1,1,4294967295,0,0
Ground_Egg,112,336,0017BFA5,0,1,1,4294967295,0,0
Egg_Exe,208,240,00357CBB,0,1,1,4294967295,0,0
Ground_Egg,224,336,0026A6F6,0,1,1,4294967295,0,0
Ground_Egg,272,336,000BDEEF,0,1,1,4294967295,0,0
Ground_Egg,384,336,0014D9F0,0,1,1,4294967295,0,0
Ground_Egg,496,336,00047383,0,1,1,4294967295,0,0
Ground_Egg,608,336,003C137E,0,1,1,4294967295,0,0
Ground_Egg,720,336,0031161F,0,1,1,4294967295,0,0
Ground_Egg,832,336,002A2686,0,1,1,4294967295,0,0
Ground_Egg,944,336,0011ECD2,0,1,1,4294967295,0,0
Ground_Egg,1056,336,0026694A,0,1,1,4294967295,0,0
Ground_Egg,1168,336,001A1700,0,1,1,4294967295,0,0
Ground_Egg,1264,336,00316AEE,0,1,1,4294967295,0,0
EGG_Shower,1344,256,002B7D30,0,1,1,4294967295,0,0
Ground_Egg,1376,336,00176BA8,0,1,1,4294967295,0,0
Ground_Egg,1488,336,000DA78B,0,1,1,4294967295,0,0
Ground_Egg,1600,336,00047BCC,0,1,1,4294967295,0,0
Ground_Egg,1712,336,0023498C,0,1,1,4294967295,0,0
Ground_Egg,1824,336,002CC007,0,1,1,4294967295,0,0
EGGBot,1936,224,001867AF,0,1,1,4294967295,0,0
Ground_Egg,1936,336,002FBAF7,0,1,1,4294967295,0,0
Ground_Egg,2032,336,0024F8F9,0,1,1,4294967295,0,0
Solid,16,144,00227692,0,1,1,4294967295,0,0
sprDA_1Dark,160,256,00072601,0,1,1,4294967295,0,0
sprDA_2Dark,112,256,003FFA51,0,1,1,4294967295,0,0
sprDA_2Dark,256,256,001FF0A3,0,1,1,4294967295,0,0
sprDA_2Dark,320,256,003676D2,0,1,1,4294967295,0,0
sprDA_2Dark,48,256,000FC714,0,1,1,4294967295,0,0
sprDA_1Dark,288,256,0038F46B,0,1,1,4294967295,0,0
sprDA_1Dark,80,256,002BF713,0,1,1,4294967295,0,0
sprDA_1Dark,192,256,0028610B,0,1,1,4294967295,0,0
