FF_Ground,14144,1040,003C2186,0,1,1,4294967295,0,0
FF_Ground,14144,912,0029C04B,0,1,1,4294967295,0,0
FF_Ground,14144,784,0022C094,0,1,1,4294967295,0,0
FF_Ground,14144,1424,002E207B,0,1,1,4294967295,0,0
FF_Ground,14144,1552,0002FA4E,0,1,1,4294967295,0,0
ScrapGround,14080,1536,001636B9,0,1,1,4294967295,0,0
FF_Ground,14144,1296,0023464B,0,1,1,4294967295,0,0
ScrapGround,14080,1392,001FC25C,0,1,1,4294967295,0,0
FF_Ground,14144,1168,0005E038,0,1,1,4294967295,0,0
ScrapGround,14080,1248,003382AA,0,1,1,4294967295,0,0
ScrapGround,14080,1104,00042134,0,1,1,4294967295,0,0
ScrapGround,14080,976,002BAE5C,0,1,1,4294967295,0,0
ScrapGround,14080,832,000BC4B9,0,1,1,4294967295,0,0
ScrapWallDestruct,24480,1792,002D1746,0,1,1,4294967295,0,0
ScrapGround,27648,3440,003834AE,0,1,1,4294967295,0,0
ScrapGround,27648,3296,00322D56,0,1,1,4294967295,0,0
ScrapGround,27648,3152,001D3A88,0,1,1,4294967295,0,0
ScrapGround,27648,3008,001DDC53,0,1,1,4294967295,0,0
ScrapGround,27648,2864,00255195,0,1,1,4294967295,0,0
ScrapGround,27648,2720,0006391F,0,1,1,4294967295,0,0
ScrapGround,27648,2576,0027B52B,0,1,1,4294967295,0,0
ScrapGround,27648,2432,001DF1C9,0,1,1,4294967295,0,0
ScrapGround,27200,3440,0039D85F,0,1,1,4294967295,0,0
ScrapGround,27200,3296,000AB6DE,0,1,1,4294967295,0,0
ScrapGround,27200,3152,003881C0,0,1,1,4294967295,0,0
ScrapGround,27200,3008,0003FCEF,0,1,1,4294967295,0,0
ScrapGround,27200,2864,003EB894,0,1,1,4294967295,0,0
ScrapGround,27200,2720,00108EB7,0,1,1,4294967295,0,0
ScrapGround,27200,2576,0005086E,0,1,1,4294967295,0,0
ScrapGround,27200,2432,002DEB37,0,1,1,4294967295,0,0
ScrapGround,27200,2288,000BA8C5,0,1,1,4294967295,0,0
ScrapGround,27648,2416,0014AAB5,0,1,1,4294967295,0,0
ScrapGround,27648,2288,0009E390,0,1,1,4294967295,0,0
ScrapWall,16224,1968,0030AE3F,0,1,1,4294967295,0,0
ScrapWall,18592,2336,0009B729,0,1,1,4294967295,0,0
ScrapWall,18592,2208,0005B0C9,0,1,1,4294967295,0,0
ScrapWall,18816,2352,001323B3,0,1,1,4294967295,0,0
ScrapWall,18816,2208,00273464,0,1,1,4294967295,0,0
ScrapWall,17568,2112,0001839E,0,1,1,4294967295,0,0
ScrapWall,15712,1872,000E2073,0,1,1,4294967295,0,0
ScrapWall,16544,1776,001A3E12,0,1,1,4294967295,0,0
ScrapWall,16800,1712,001E96E4,0,1,1,4294967295,0,0
ScrapWall,17056,1632,00086722,0,1,1,4294967295,0,0
ScrapWall,17568,1344,002C79F2,0,1,1,4294967295,0,0
ScrapWall,17824,1248,002CF79F,0,1,1,4294967295,0,0
ScrapWall,18080,1136,00355FC1,0,1,1,4294967295,0,0
ScrapWall,18336,1024,0027BFE7,0,1,1,4294967295,0,0
ScrapWall,18336,1392,0035ABF9,0,1,1,4294967295,0,0
FF_Ground,21440,2000,00252B77,0,1,1,4294967295,0,0
FF_Ground,18848,2160,000F606F,0,1,1,4294967295,0,0
FF_Ground,18848,2288,002EFD11,0,1,1,4294967295,0,0
FF_Ground,18848,2384,002CB066,0,1,1,4294967295,0,0
FF_Ground,18560,2368,00095D95,0,1,1,4294967295,0,0
FF_Ground,18560,2240,0013D7A8,0,1,1,4294967295,0,0
FF_Ground,18560,2160,002FF868,0,1,1,4294967295,0,0
FF_Ground,17536,2064,00297B49,0,1,1,4294967295,0,0
FF_Ground,15680,1824,003C26B6,0,1,1,4294967295,0,0
FF_Ground,16576,1728,003426FF,0,1,1,4294967295,0,0
FF_Ground,16832,1664,0033009F,0,1,1,4294967295,0,0
FF_Ground,17088,1584,001A904D,0,1,1,4294967295,0,0
FF_Ground,18368,1456,003008E4,0,1,1,4294967295,0,0
FF_Ground,17600,1296,001260E7,0,1,1,4294967295,0,0
FF_Ground,17344,1392,00028E02,0,1,1,4294967295,0,0
FF_Ground,17856,1200,003D33C2,0,1,1,4294967295,0,0
FF_Ground,18112,1088,002BBEE8,0,1,1,4294967295,0,0
FF_Ground,18496,976,002A46E9,0,1,1,4294967295,0,0
FF_Ground,18368,976,003EF4EF,0,1,1,4294967295,0,0
FF_Ground,18240,1088,0034E245,0,1,1,4294967295,0,0
ScrapWall,18016,448,002F67DB,0,1,1,4294967295,0,0
ScrapWall,18272,592,002B7630,0,1,1,4294967295,0,0
ScrapWallDestruct,16288,1872,00340A96,0,1,1,4294967295,0,1
FF_Ground,17472,1408,0000AD68,0,1,1,4294967295,0,0
FF_Ground,17344,1408,00263591,0,1,1,4294967295,0,0
FF_Ground,18848,2160,000DEEF3,0,1,1,4294967295,0,0
FF_Ground,18848,2240,00083377,0,1,1,4294967295,0,0
FF_Ground,18848,2384,0016750B,0,1,1,4294967295,0,0
FF_Ground,18560,2400,001A2D4E,0,1,1,4294967295,0,0
FF_Ground,18560,2288,002FD8A8,0,1,1,4294967295,0,0
FF_Ground,18560,2160,001BDF5E,0,1,1,4294967295,0,0
ScrapGround,18720,2464,003E8C51,0,1,1,4294967295,0,0
ScrapGround,18496,2432,0030BAF4,0,1,1,4294967295,0,0
ScrapGround,18496,2304,001F1AD2,0,1,1,4294967295,0,0
ScrapGround,18912,2448,000B2CB7,0,1,1,4294967295,0,0
ScrapGround,18912,2304,001E0EE9,0,1,1,4294967295,0,0
FF_Ground,22336,2112,0006A10C,0,1,1,4294967295,0,0
FF_Ground,22336,2240,000636EB,0,1,1,4294967295,0,0
FF_Ground,22208,2000,0013C6A6,0,1,1,4294967295,0,0
FF_Ground,22080,2000,00297A96,0,1,1,4294967295,0,0
FF_Ground,21952,2000,00153E3B,0,1,1,4294967295,0,0
FF_Ground,21824,2000,003A5C58,0,1,1,4294967295,0,0
FF_Ground,21696,2000,0028BCAC,0,1,1,4294967295,0,0
FF_Ground,21568,2000,00073D21,0,1,1,4294967295,0,0
FF_Ground,21440,2000,0012843E,0,1,1,4294967295,0,0
FF_Ground,21536,2192,003F321E,0,1,1,4294967295,0,0
FF_Ground,21408,2192,00171A76,0,1,1,4294967295,0,0
FF_Ground,21280,2192,00037DF1,0,1,1,4294967295,0,0
FF_Ground,21152,2192,00191936,0,1,1,4294967295,0,0
FF_Ground,21664,2192,00269229,0,1,1,4294967295,0,0
FF_Ground,21792,2192,00299D6B,0,1,1,4294967295,0,0
FF_Ground,21920,2192,003A2A77,0,1,1,4294967295,0,0
FF_Ground,22048,2192,002AB282,0,1,1,4294967295,0,0
FF_Ground,20896,2192,003AAC87,0,1,1,4294967295,0,0
FF_Ground,21024,2192,000801BB,0,1,1,4294967295,0,0
ScrapGround,22192,2368,00355448,0,1,1,4294967295,0,0
ScrapGround,22400,2368,0036126D,0,1,1,4294967295,0,0
ScrapGround,22400,2272,0036FC73,0,1,1,4294967295,0,0
ScrapGround,22400,2128,0025BA57,0,1,1,4294967295,0,0
ScrapGround,18432,1584,000C0C0A,0,1,1,4294967295,0,0
ScrapGround,18432,1440,00170F3B,0,1,1,4294967295,0,0
ScrapGround,18432,1296,002561E2,0,1,1,4294967295,0,0
ScrapGround,18432,1152,0018C5C4,0,1,1,4294967295,0,0
ScrapGround,18432,1056,00197B20,0,1,1,4294967295,0,0
ScrapGround,18688,976,00183ABD,0,1,1,4294967295,0,0
KnucklesLive,20640,1584,003F724F,0,1,1,4294967295,0,1
ScrapWall,21344,1888,000E8CF6,0,1,1,4294967295,0,0
ScrapWall,21088,1744,0038436A,0,1,1,4294967295,0,0
ScrapWall,20576,1456,000B06BC,0,1,1,4294967295,0,0
ScrapWall,20320,1312,000739D6,0,1,1,4294967295,0,0
ScrapWall,19296,1168,0017E997,0,1,1,4294967295,0,0
ScrapWall,19040,1024,003F1531,0,1,1,4294967295,0,0
ScrapWall,18272,592,0020EE30,0,1,1,4294967295,0,0
ScrapWallExit,18529,736,001E5B9E,0,1,1,4294967295,0,1
Solid,32,240,001E791E,0,1,1,4294967295,0,0
Warn8,7760,272,000791D4,0,1,1,4294967295,0,1
Warn9,11824,256,0038F526,0,1,1,4294967295,0,1
Warn10,15152,80,0027174C,0,1,1,4294967295,0,1
Ex7,15552,288,0021D014,0,1,1,4294967295,0,0
ScrapWallDestruct,16032,208,001BB835,0,1,1,4294967295,0,0
Ex7,15936,288,002B5429,0,1,1,4294967295,0,0
ScrapWallDestruct,16544,208,001A79A1,0,1,1,4294967295,0,0
ScrapWallDestruct,17184,208,002AEB0C,0,1,1,4294967295,0,0
ScrapWallDestruct,17760,208,0031AEC3,0,1,1,4294967295,0,0
Ex7,16224,288,00294A1A,0,1,1,4294967295,0,0
Ex7,16672,288,00010FFB,0,1,1,4294967295,0,0
Ex7,17088,288,003523F7,0,1,1,4294967295,0,0
Ex7,17344,288,003637A3,0,1,1,4294967295,0,0
Ex7,17680,288,0016D9CB,0,1,1,4294967295,0,0
Easter_Sequel,416,304,00135F86,0,1,1,4294967295,0,0
CS_Easter_Egg,416,240,001BBC89,0,1,1,4294967295,0,0
ScrapWallDestruct,17952,208,002CA7F7,0,1,1,4294967295,0,0
ScrapWallDestruct,18272,352,0017EE60,0,1,1,4294967295,0,0
ScrapWallDestruct,18704,640,0013CF02,0,1,1,4294967295,0,0
ScrapWallDestruct,19200,928,002BAFDB,0,1,1,4294967295,0,0
ScrapWallDestruct,19488,1072,00009F40,0,1,1,4294967295,0,0
ScrapWallDestruct,19616,1072,00156938,0,1,1,4294967295,0,0
ScrapWallDestruct,19872,1072,000767CF,0,1,1,4294967295,0,0
ScrapWallDestruct,19744,1072,00063305,0,1,1,4294967295,0,0
ScrapWallDestruct,19984,1072,00358618,0,1,1,4294967295,0,0
ScrapWallDestruct,20128,1072,001328DB,0,1,1,4294967295,0,0
ScrapWallDestruct,20496,1216,003E2231,0,1,1,4294967295,0,0
ScrapWallDestruct,20832,1360,0017A643,0,1,1,4294967295,0,0
ScrapWallDestruct,20768,1360,002B2AB1,0,1,1,4294967295,0,0
ScrapWallDestruct,21024,1504,003CCE38,0,1,1,4294967295,0,0
ScrapWallDestruct,21280,1648,002D30BE,0,1,1,4294967295,0,0
ScrapWallDestruct,21664,1792,002BDE57,0,1,1,4294967295,0,0
ScrapWallDestruct,21744,1792,00093FFD,0,1,1,4294967295,0,0
ScrapWallDestruct,21824,1792,001FA6BB,0,1,1,4294967295,0,0
ScrapWallDestruct,22016,1792,0032DB4E,0,1,1,4294967295,0,0
ScrapWallDestruct,22176,1792,00043AE7,0,1,1,4294967295,0,0
ScrapWallDestruct,22432,1792,0025DD7A,0,1,1,4294967295,0,0
ScrapWallDestruct,22560,1792,001C1F55,0,1,1,4294967295,0,0
ScrapWallDestruct,22688,1792,00201067,0,1,1,4294967295,0,0
ScrapWallDestruct,22816,1792,001C810A,0,1,1,4294967295,0,0
ScrapWallDestruct,22944,1792,00146D59,0,1,1,4294967295,0,0
ScrapWallDestruct,23216,1792,00204074,0,1,1,4294967295,0,0
ScrapWallDestruct,23456,1792,0000C7B3,0,1,1,4294967295,0,0
ScrapWallDestruct,23712,1792,001AABFC,0,1,1,4294967295,0,0
ScrapWallDestruct,23968,1792,001B17F3,0,1,1,4294967295,0,0
ScrapWallDestruct,24096,1792,0017214D,0,1,1,4294967295,0,0
ScrapWallDestruct,24224,1792,0022DCAB,0,1,1,4294967295,0,0
ScrapWallDestruct,24608,1792,003EA632,0,1,1,4294967295,0,0
ScrapWall,24672,1792,00141F1D,0,1,1,4294967295,0,0
ScrapGround,20736,1696,00020AE6,0,1,1,4294967295,0,0
ScrapGround,17920,688,002E2EF9,0,1,1,4294967295,0,0
ScrapGround,17920,544,002A9CCB,0,1,1,4294967295,0,0
ScrapGround,18176,688,001B0A44,0,1,1,4294967295,0,0
ScrapGround,128,400,00029A62,0,1,1,4294967295,0,0
ScrapGround,384,400,0034446B,0,1,1,4294967295,0,0
ScrapGround,640,400,0038BBA4,0,1,1,4294967295,0,0
ScrapGround,896,400,002D774C,0,1,1,4294967295,0,0
ScrapGround,1088,400,002CB4A9,0,1,1,4294967295,0,0
ScrapGround,1344,400,00267238,0,1,1,4294967295,0,0
ScrapGround,1600,400,00176FA2,0,1,1,4294967295,0,0
ScrapGround,1856,400,003C38A1,0,1,1,4294967295,0,0
ScrapGround,2112,400,00072F60,0,1,1,4294967295,0,0
ScrapGround,2368,400,00385DDD,0,1,1,4294967295,0,0
ScrapGround,2624,400,00012159,0,1,1,4294967295,0,0
ScrapGround,2880,400,00373D85,0,1,1,4294967295,0,0
ScrapGround,3136,400,0034F20C,0,1,1,4294967295,0,0
ScrapGround,3392,400,003FAD52,0,1,1,4294967295,0,0
ScrapGround,3648,400,0029806C,0,1,1,4294967295,0,0
ScrapGround,3904,400,002F62BF,0,1,1,4294967295,0,0
ScrapGround,4160,400,000696F8,0,1,1,4294967295,0,0
ScrapGround,4416,400,00364B4F,0,1,1,4294967295,0,0
ScrapGround,4672,400,00114275,0,1,1,4294967295,0,0
ScrapGround,4928,400,0038CC93,0,1,1,4294967295,0,0
ScrapGround,5184,400,0015BA6A,0,1,1,4294967295,0,0
ScrapGround,5440,400,00103B4B,0,1,1,4294967295,0,0
ScrapGround,5696,400,0001D97B,0,1,1,4294967295,0,0
ScrapGround,5952,400,0008C448,0,1,1,4294967295,0,0
ScrapGround,6208,400,0005F058,0,1,1,4294967295,0,0
ScrapGround,6464,400,002966E9,0,1,1,4294967295,0,0
ScrapGround,6720,400,003B286C,0,1,1,4294967295,0,0
ScrapGround,6976,400,001C1B7C,0,1,1,4294967295,0,0
ScrapGround,7232,400,002C238C,0,1,1,4294967295,0,0
ScrapGround,7488,400,001BF507,0,1,1,4294967295,0,0
ScrapGround,7744,400,0034DD81,0,1,1,4294967295,0,0
ScrapGround,8000,400,003C70C6,0,1,1,4294967295,0,0
ScrapGround,8256,400,001B8EDF,0,1,1,4294967295,0,0
ScrapGround,8512,400,0026CC8E,0,1,1,4294967295,0,0
ScrapGround,8768,400,0024E4AB,0,1,1,4294967295,0,0
ScrapGround,9024,400,0014902A,0,1,1,4294967295,0,0
ScrapGround,9280,400,003622C1,0,1,1,4294967295,0,0
ScrapGround,9536,400,00119AC0,0,1,1,4294967295,0,0
ScrapGround,9792,400,00049EE6,0,1,1,4294967295,0,0
ScrapGround,9984,400,000CF409,0,1,1,4294967295,0,0
ScrapGround,10240,400,00208297,0,1,1,4294967295,0,0
ScrapGround,10496,400,00166ABE,0,1,1,4294967295,0,0
ScrapGround,10752,400,00286A39,0,1,1,4294967295,0,0
ScrapGround,11008,400,0038ED98,0,1,1,4294967295,0,0
ScrapGround,11264,400,0017484D,0,1,1,4294967295,0,0
ScrapGround,11520,400,001FB030,0,1,1,4294967295,0,0
ScrapGround,11776,400,0004B178,0,1,1,4294967295,0,0
ScrapGround,12032,400,0032A7C0,0,1,1,4294967295,0,0
ScrapGround,12288,400,0026FC43,0,1,1,4294967295,0,0
ScrapGround,12544,400,0000B943,0,1,1,4294967295,0,0
ScrapGround,12800,400,00150A86,0,1,1,4294967295,0,0
ScrapGround,13056,400,00113489,0,1,1,4294967295,0,0
ScrapGround,13312,400,0020EFE1,0,1,1,4294967295,0,0
ScrapGround,13568,400,001AE9E5,0,1,1,4294967295,0,0
ScrapGround,13824,400,001CD261,0,1,1,4294967295,0,0
ScrapGround,14080,400,00311A3C,0,1,1,4294967295,0,0
ScrapGround,14336,400,0033DECD,0,1,1,4294967295,0,0
ScrapGround,14592,400,00303E91,0,1,1,4294967295,0,0
ScrapGround,14848,400,001757FD,0,1,1,4294967295,0,0
ScrapGround,15104,400,001AB457,0,1,1,4294967295,0,0
ScrapGround,15360,400,001D0F32,0,1,1,4294967295,0,0
ScrapGround,15616,400,003A5F27,0,1,1,4294967295,0,0
ScrapGround,15872,400,0032854E,0,1,1,4294967295,0,0
ScrapGround,16128,400,00257216,0,1,1,4294967295,0,0
ScrapGround,16384,400,003C9CE8,0,1,1,4294967295,0,0
ScrapGround,16640,400,0025C524,0,1,1,4294967295,0,0
ScrapGround,16896,400,00033B2B,0,1,1,4294967295,0,0
ScrapGround,17152,400,003CB204,0,1,1,4294967295,0,0
ScrapGround,17408,400,001EFECB,0,1,1,4294967295,0,0
ScrapGround,17664,400,0025DC72,0,1,1,4294967295,0,0
ScrapGround,17920,400,003602DF,0,1,1,4294967295,0,0
ScrapGround,18176,544,0005F791,0,1,1,4294967295,0,0
ScrapGround,18432,688,00291B2A,0,1,1,4294967295,0,0
ScrapGround,18944,976,00237418,0,1,1,4294967295,0,0
ScrapGround,19200,1120,0003969C,0,1,1,4294967295,0,0
ScrapGround,19456,1264,00333F67,0,1,1,4294967295,0,0
ScrapGround,19712,1264,0016E0F3,0,1,1,4294967295,0,0
ScrapGround,19968,1264,001A89D1,0,1,1,4294967295,0,0
ScrapGround,20224,1264,001307B2,0,1,1,4294967295,0,0
ScrapGround,20480,1408,0016F6EE,0,1,1,4294967295,0,0
ScrapGround,20992,1696,0019DE50,0,1,1,4294967295,0,0
ScrapGround,21248,1840,0008E9AA,0,1,1,4294967295,0,0
ScrapGround,21504,1984,002CAC9E,0,1,1,4294967295,0,0
ScrapGround,21760,1984,002E4C8D,0,1,1,4294967295,0,0
ScrapGround,22016,1984,0029E418,0,1,1,4294967295,0,0
ScrapGround,22272,1984,00216A29,0,1,1,4294967295,0,0
ScrapGround,22528,1984,00061379,0,1,1,4294967295,0,0
ScrapGround,22784,1984,00122EED,0,1,1,4294967295,0,0
ScrapGround,23040,1984,0031AE9B,0,1,1,4294967295,0,0
ScrapGround,23296,1984,000561DF,0,1,1,4294967295,0,0
ScrapGround,23552,1984,0032AD5F,0,1,1,4294967295,0,0
ScrapGround,23808,1984,00234543,0,1,1,4294967295,0,0
ScrapGround,24064,1984,000D6AFC,0,1,1,4294967295,0,0
ScrapGround,24320,1984,001AC7F6,0,1,1,4294967295,0,0
ScrapGround,24576,1984,0014B199,0,1,1,4294967295,0,0
ScrapGround,24832,1984,0004279F,0,1,1,4294967295,0,0
ScrapGround,17664,688,0022F7FE,0,1,1,4294967295,0,0
ScrapGround,17920,1200,001C8D2C,0,1,1,4294967295,0,0
ScrapGround,17664,1296,00054460,0,1,1,4294967295,0,0
ScrapGround,17408,1392,0013BFE6,0,1,1,4294967295,0,0
ScrapGround,18688,832,00282F27,0,1,1,4294967295,0,1
ScrapGround,18176,1088,001E001C,0,1,1,4294967295,0,0
ScrapGround,18432,976,002A7989,0,1,1,4294967295,0,0
ScrapGround,17408,1584,001C5D12,0,1,1,4294967295,0,0
ScrapGround,17152,1584,00029535,0,1,1,4294967295,0,0
ScrapGround,17664,1584,00400CE2,0,1,1,4294967295,0,0
ScrapGround,17920,1584,000EBEE5,0,1,1,4294967295,0,0
ScrapGround,18176,1584,0007D717,0,1,1,4294967295,0,0
YellowRing,18224,1408,00349AF7,0,1,1,4294967295,0,0
ScrapGround,16896,1664,002C8C1A,0,1,1,4294967295,0,0
ScrapGround,16640,1728,0019EFC7,0,1,1,4294967295,0,0
ScrapGround,16384,1824,003114D2,0,1,1,4294967295,0,0
ScrapGround,16128,1920,001D808F,0,1,1,4294967295,0,0
ScrapGround,16448,2064,003CBE52,0,1,1,4294967295,0,0
ScrapGround,16704,2064,0015AC99,0,1,1,4294967295,0,0
ScrapGround,16960,2064,003CBDAF,0,1,1,4294967295,0,0
ScrapGround,17216,2064,0029AD59,0,1,1,4294967295,0,0
ScrapGround,17472,2064,00396A46,0,1,1,4294967295,0,0
ScrapGround,17728,2160,0001D6D9,0,1,1,4294967295,0,0
ScrapGround,17984,2160,003844C7,0,1,1,4294967295,0,0
ScrapGround,18240,2160,0011B232,0,1,1,4294967295,0,0
ScrapGround,18496,2160,003CABB7,0,1,1,4294967295,0,0
ScrapGround,18912,2160,00049E4B,0,1,1,4294967295,0,0
ScrapGround,19168,2160,0005DECD,0,1,1,4294967295,0,0
ScrapGround,19424,2160,0026C33F,0,1,1,4294967295,0,0
ScrapGround,19680,2160,000454CA,0,1,1,4294967295,0,0
ScrapGround,19936,2160,0015D18D,0,1,1,4294967295,0,0
ScrapGround,20192,2160,0033DD32,0,1,1,4294967295,0,0
ScrapGround,20448,2160,002D87FA,0,1,1,4294967295,0,0
ScrapGround,20704,2160,001BAD16,0,1,1,4294967295,0,0
ScrapGround,20960,2176,001535FB,0,1,1,4294967295,0,0
ScrapGround,21216,2176,0025DC19,0,1,1,4294967295,0,0
ScrapGround,21472,2176,00231DE1,0,1,1,4294967295,0,0
ScrapGround,21728,2176,000A2DC3,0,1,1,4294967295,0,0
ScrapGround,21984,2176,000A9E2D,0,1,1,4294967295,0,0
ScrapGround,21984,2368,00120543,0,1,1,4294967295,0,0
ScrapGround,21728,2368,00101D51,0,1,1,4294967295,0,0
ScrapGround,21472,2368,001185F7,0,1,1,4294967295,0,0
ScrapGround,21216,2368,001E406C,0,1,1,4294967295,0,0
ScrapGround,20960,2368,0015E4D0,0,1,1,4294967295,0,0
Warn1,21088,2464,0021FCD5,0,1,1,4294967295,0,0
KnucklesRing,18704,2336,0006B4EE,0,1,1,4294967295,0,0
ScrapGround,15872,1920,00282827,0,1,1,4294967295,0,0
ScrapGround,15616,1824,0001D99D,0,1,1,4294967295,0,0
ScrapGround,15360,1744,0010BC08,0,1,1,4294967295,0,0
ScrapGround,15104,1664,002EB316,0,1,1,4294967295,0,0
ScrapGround,14848,1664,000715D9,0,1,1,4294967295,0,0
ScrapGround,14592,1664,00065177,0,1,1,4294967295,0,0
ScrapGround,14336,1664,002A74FA,0,1,1,4294967295,0,0
ScrapGround,14080,1664,000D208E,0,1,1,4294967295,0,0
WinRing,14336,1440,003D3CD5,0,1,1,4294967295,0,1
HalfSolid,14208,1536,003B8E06,0,1,1,4294967295,0,0
HalfSolid,14208,1440,002784CF,0,1,1,4294967295,0,0
HalfSolid,14208,1344,002D9627,0,1,1,4294967295,0,0
HalfSolid,14208,1200,001EDB3D,0,1,1,4294967295,0,0
HalfSolid,14208,1264,00101D81,0,1,1,4294967295,0,0
HalfSolid,15232,1648,00030425,0,1,1,4294967295,0,0
HalfSolid,15488,1728,00331EA9,0,1,1,4294967295,0,0
HalfSolid,15744,1808,003916B9,0,1,1,4294967295,0,0
HalfSolid,16256,1808,003BF247,0,1,1,4294967295,0,1
HalfSolid,16512,1712,001B8299,0,1,1,4294967295,0,0
HalfSolid,16768,1648,00188F13,0,1,1,4294967295,0,0
HalfSolid,17024,1568,00163DD8,0,1,1,4294967295,0,0
HalfSolid,18304,1456,001B2AA0,0,1,1,4294967295,0,0
HalfSolid,18304,1360,00328FBF,0,1,1,4294967295,0,0
HalfSolid,18304,1264,000FA4F2,0,1,1,4294967295,0,0
HalfSolid,18048,1072,00283A03,0,1,1,4294967295,0,0
HalfSolid,17792,1184,00366ECD,0,1,1,4294967295,0,0
HalfSolid,17280,1408,003551D8,0,1,1,4294967295,0,0
HalfSolid,17280,1376,00030CE0,0,1,1,4294967295,0,0
HalfSolid,17536,1408,001F9488,0,1,1,4294967295,0,0
HalfSolid,17536,1280,003905FF,0,1,1,4294967295,0,0
HalfSolid,17536,1328,00020B9B,0,1,1,4294967295,0,0
ScrapGround,16384,2064,000FCCEE,0,1,1,4294967295,0,0
HalfSolid,16256,1888,001531AA,0,1,1,4294967295,0,1
HalfSolid,16256,1968,00386EA8,0,1,1,4294967295,0,1
HalfSolid,17600,2048,0033D668,0,1,1,4294967295,0,0
HalfSolid,18621,2129,0016FCA6,0,1,1,4294967295,0,0
HalfSolid,18624,2240,0030EBEB,0,1,1,4294967295,0,0
HalfSolid,18624,2336,0032C8FC,0,1,1,4294967295,0,0
HalfSolid,18784,2336,00072FAB,0,1,1,4294967295,0,0
HalfSolid,18784,2240,001CB1EB,0,1,1,4294967295,0,0
HalfSolid,18786,2129,000D74ED,0,1,1,4294967295,0,0
HalfSolid,21376,2000,00019325,0,1,1,4294967295,0,0
HalfSolid,21376,1936,0006EBBF,0,1,1,4294967295,0,0
HalfSolid,21376,1824,0035BF98,0,1,1,4294967295,0,0
HalfSolid,22272,2096,002B11EE,0,1,1,4294967295,0,0
HalfSolid,22272,2240,000C0B31,0,1,1,4294967295,0,0
HalfSolid,22272,2176,002E27C9,0,1,1,4294967295,0,0
ScrapGround,20736,1552,00175B38,0,1,1,4294967295,0,1
ScrapGround,25088,1984,000A2D63,0,1,1,4294967295,0,0
ScrapGround,25344,2016,0011406F,0,1,1,4294967295,0,0
ScrapGround,25600,2064,000D8A40,0,1,1,4294967295,0,0
ScrapGround,25856,2112,002DC6C9,0,1,1,4294967295,0,0
ScrapGround,26112,2112,0024C9AD,0,1,1,4294967295,0,0
ScrapGround,26368,2112,00397F5B,0,1,1,4294967295,0,0
ScrapGround,26624,2112,0009CD32,0,1,1,4294967295,0,0
ScrapGround,26880,2144,00287509,0,1,1,4294967295,0,0
ScrapGround,27648,2144,003D6D1B,0,1,1,4294967295,0,0
ScrapGround,27648,2000,00254FD8,0,1,1,4294967295,0,0
ScrapGround,27648,1856,00168A92,0,1,1,4294967295,0,0
ScrapGround,27648,1712,0004455D,0,1,1,4294967295,0,0
ScrapGround,25024,1712,0019508F,0,1,1,4294967295,0,1
ScrapGround,25024,1568,00098D03,0,1,1,4294967295,0,0
ScrapGround,25024,1424,0029033A,0,1,1,4294967295,0,0
ScrapGround,25024,1280,00230107,0,1,1,4294967295,0,0
ScrapGround,25024,1136,0001DEEA,0,1,1,4294967295,0,0
ScrapGround,25024,992,002F8193,0,1,1,4294967295,0,0
ScrapGround,25024,848,00276343,0,1,1,4294967295,0,0
ScrapGround,25024,704,0012B172,0,1,1,4294967295,0,0
ScrapGround,24576,1088,003B9B22,0,1,1,4294967295,0,0
ScrapGround,24576,944,000557B1,0,1,1,4294967295,0,0
ScrapGround,24576,800,002C7486,0,1,1,4294967295,0,0
ScrapGround,24576,672,003C83BC,0,1,1,4294967295,0,0
ScrapGround,27072,2144,003242FF,0,1,1,4294967295,0,0
ScrapGround,27200,2144,003DC240,0,1,1,4294967295,0,0
HalfSolid,14208,1104,0005847E,0,1,1,4294967295,0,0
HalfSolid,14208,1008,00373CAC,0,1,1,4294967295,0,0
HalfSolid,14208,912,002C53CB,0,1,1,4294967295,0,0
GroundSolid2,128,16,0000F604,0,1,1,4294967295,0,0
GroundSolid2,384,16,0023F8B9,0,1,1,4294967295,0,0
GroundSolid2,640,16,00175288,0,1,1,4294967295,0,0
GroundSolid2,896,16,001EEAA3,0,1,1,4294967295,0,0
GroundSolid2,1136,16,00161B53,0,1,1,4294967295,0,0
GroundSolid2,1392,16,00051E9C,0,1,1,4294967295,0,0
GroundSolid2,1648,16,001A81EB,0,1,1,4294967295,0,0
GroundSolid2,1904,16,0015F7A4,0,1,1,4294967295,0,0
GroundSolid2,2160,16,0022F797,0,1,1,4294967295,0,0
GroundSolid2,2416,16,002E08C7,0,1,1,4294967295,0,0
GroundSolid2,2672,16,00237D3D,0,1,1,4294967295,0,0
GroundSolid2,2912,16,002D8576,0,1,1,4294967295,0,0
GroundSolid2,3168,16,0007FC7A,0,1,1,4294967295,0,0
GroundSolid2,3424,16,0019F775,0,1,1,4294967295,0,0
GroundSolid2,3664,16,0009D8CA,0,1,1,4294967295,0,0
GroundSolid2,3920,16,002B25DB,0,1,1,4294967295,0,0
GroundSolid2,4176,16,001DE79F,0,1,1,4294967295,0,0
GroundSolid2,4432,16,001B37C5,0,1,1,4294967295,0,0
GroundSolid2,4688,16,001071D8,0,1,1,4294967295,0,0
GroundSolid2,4944,16,00180C97,0,1,1,4294967295,0,0
GroundSolid2,5200,16,002FC977,0,1,1,4294967295,0,0
GroundSolid2,5440,16,002DAA86,0,1,1,4294967295,0,0
GroundSolid2,5696,16,0023C9AC,0,1,1,4294967295,0,0
GroundSolid2,5952,16,0008CFAE,0,1,1,4294967295,0,0
GroundSolid2,6192,16,001FB7F1,0,1,1,4294967295,0,0
GroundSolid2,6432,16,0016CEF0,0,1,1,4294967295,0,0
GroundSolid2,6688,16,0015CB35,0,1,1,4294967295,0,0
GroundSolid2,6944,16,0012EAB3,0,1,1,4294967295,0,0
GroundSolid2,7200,16,002EE9E3,0,1,1,4294967295,0,0
GroundSolid2,7456,16,0039A5F4,0,1,1,4294967295,0,0
GroundSolid2,7712,16,0019279E,0,1,1,4294967295,0,0
GroundSolid2,7968,16,003ECE41,0,1,1,4294967295,0,0
GroundSolid2,8224,16,00337073,0,1,1,4294967295,0,0
GroundSolid2,8480,16,001207C6,0,1,1,4294967295,0,0
GroundSolid2,8736,16,000DB0F7,0,1,1,4294967295,0,0
GroundSolid2,8992,16,00150EE7,0,1,1,4294967295,0,0
GroundSolid2,9248,16,001931F2,0,1,1,4294967295,0,0
GroundSolid2,9488,16,0024E44F,0,1,1,4294967295,0,0
GroundSolid2,9744,16,00035F52,0,1,1,4294967295,0,0
GroundSolid2,10000,16,00386D76,0,1,1,4294967295,0,0
GroundSolid2,10240,16,0017607A,0,1,1,4294967295,0,0
GroundSolid2,10496,16,00346954,0,1,1,4294967295,0,0
GroundSolid2,10752,16,0024FBFA,0,1,1,4294967295,0,0
GroundSolid2,11008,16,0004FEFF,0,1,1,4294967295,0,0
GroundSolid2,11264,16,0014D75B,0,1,1,4294967295,0,0
GroundSolid2,11520,16,00263A36,0,1,1,4294967295,0,0
GroundSolid2,11776,16,000D761B,0,1,1,4294967295,0,0
GroundSolid2,12032,16,000D5264,0,1,1,4294967295,0,0
GroundSolid2,12288,16,0008617B,0,1,1,4294967295,0,0
GroundSolid2,12544,16,000EC393,0,1,1,4294967295,0,0
GroundSolid2,12800,16,001DC30A,0,1,1,4294967295,0,0
GroundSolid2,13056,16,000A1215,0,1,1,4294967295,0,0
GroundSolid2,13312,16,002EA073,0,1,1,4294967295,0,0
GroundSolid2,13568,16,002989B1,0,1,1,4294967295,0,0
GroundSolid2,13824,16,00311F49,0,1,1,4294967295,0,0
GroundSolid2,14080,16,003404F3,0,1,1,4294967295,0,0
GroundSolid2,14336,16,003FA5D7,0,1,1,4294967295,0,0
GroundSolid2,14592,16,0014B46A,0,1,1,4294967295,0,0
GroundSolid2,14848,16,0027AC22,0,1,1,4294967295,0,0
GroundSolid2,15088,16,0000B4B2,0,1,1,4294967295,0,0
GroundSolid2,15344,16,002205E7,0,1,1,4294967295,0,0
GroundSolid2,15600,16,003A18CB,0,1,1,4294967295,0,0
GroundSolid2,15856,16,0007E7F5,0,1,1,4294967295,0,0
GroundSolid2,16112,16,00173B5D,0,1,1,4294967295,0,0
GroundSolid2,16368,16,0024328B,0,1,1,4294967295,0,0
GroundSolid2,16624,16,0016D4F4,0,1,1,4294967295,0,0
GroundSolid2,16880,16,000A5E44,0,1,1,4294967295,0,0
GroundSolid2,17136,16,0013F412,0,1,1,4294967295,0,0
GroundSolid2,17392,16,001665B5,0,1,1,4294967295,0,0
GroundSolid2,17648,16,00301593,0,1,1,4294967295,0,0
GroundSolid2,17904,16,00322746,0,1,1,4294967295,0,0
GroundSolid2,18160,16,0012F1F0,0,1,1,4294967295,0,0
GroundSolid2,18416,16,00335FF8,0,1,1,4294967295,0,0
GroundSolid2,18672,16,0003706B,0,1,1,4294967295,0,0
GroundSolid2,18928,16,0025FF82,0,1,1,4294967295,0,0
GroundSolid2,19184,16,0039CB41,0,1,1,4294967295,0,0
GroundSolid2,19440,16,000EC251,0,1,1,4294967295,0,0
GroundSolid2,19696,16,0022F5AA,0,1,1,4294967295,0,0
GroundSolid2,19936,16,000DD1DE,0,1,1,4294967295,0,0
GroundSolid2,20192,16,0011BF84,0,1,1,4294967295,0,0
GroundSolid2,20448,16,001919F2,0,1,1,4294967295,0,0
GroundSolid2,20704,16,002AB02D,0,1,1,4294967295,0,0
GroundSolid2,20960,16,0004FC94,0,1,1,4294967295,0,0
GroundSolid2,21216,16,0013E03D,0,1,1,4294967295,0,0
GroundSolid2,21472,16,000E4B60,0,1,1,4294967295,0,0
GroundSolid2,24816,16,001F033E,0,1,1,4294967295,0,0
GroundSolid2,25056,16,00066DFE,0,1,1,4294967295,0,0
GroundSolid2,25296,16,00104811,0,1,1,4294967295,0,0
GroundSolid2,25536,16,003FFDF7,0,1,1,4294967295,0,0
GroundSolid2,25792,16,00051E1E,0,1,1,4294967295,0,0
GroundSolid2,26048,16,00054312,0,1,1,4294967295,0,0
GroundSolid2,26304,16,0035CFDD,0,1,1,4294967295,0,0
GroundSolid2,26544,16,0030D908,0,1,1,4294967295,0,0
GroundSolid2,26784,16,001F362A,0,1,1,4294967295,0,0
GroundSolid2,27040,16,0034EACE,0,1,1,4294967295,0,0
GroundSolid2,27264,16,0004008D,0,1,1,4294967295,0,0
GroundSolid2,27504,16,0011C80C,0,1,1,4294967295,0,0
GroundSolid2,27744,16,000187CA,0,1,1,4294967295,0,0
GroundSolid2,27936,16,001235D8,0,1,1,4294967295,0,0
GroundSolid2,24576,16,000BB66C,0,1,1,4294967295,0,0
GroundSolid2,24336,16,0036CA6B,0,1,1,4294967295,0,0
GroundSolid2,24096,16,000B1197,0,1,1,4294967295,0,0
GroundSolid2,23856,16,0014ACC2,0,1,1,4294967295,0,0
GroundSolid2,23600,16,002662CA,0,1,1,4294967295,0,0
Solid,27760,1472,00302D1F,0,1,1,4294967295,0,0
Solid,27760,1008,00134208,0,1,1,4294967295,0,0
Solid,27760,576,0034AD9B,0,1,1,4294967295,0,0
Solid,27760,176,0029A340,0,1,1,4294967295,0,0
Solid,14208,704,0005F573,0,1,1,4294967295,0,0
Warn11,16352,1984,00391574,0,1,1,4294967295,0,0
Solid,27520,1888,000EA63C,0,1,1,4294967295,0,0
Solid,27520,2384,0022E335,0,1,1,4294967295,0,0
Solid,27520,2880,001C9DA2,0,1,1,4294967295,0,0
Solid,27520,3360,000666EE,0,1,1,4294967295,0,0
Solid,27328,2320,0035F12C,0,1,1,4294967295,0,0
Solid,27328,2816,003A2A4D,0,1,1,4294967295,0,0
Solid,27328,3296,001E892D,0,1,1,4294967295,0,0
HalfSolid,24896,1728,00333E9C,0,1,1,4294967295,0,0
HalfSolid,24896,1632,00152A53,0,1,1,4294967295,0,0
HalfSolid,24896,1536,002B04BF,0,1,1,4294967295,0,0
HalfSolid,24896,1440,0018BD63,0,1,1,4294967295,0,0
HalfSolid,24896,1344,00185FF3,0,1,1,4294967295,0,0
HalfSolid,24896,1248,00179B2C,0,1,1,4294967295,0,0
HalfSolid,25152,1728,00147A46,0,1,1,4294967295,0,0
HalfSolid,25152,1584,0001A530,0,1,1,4294967295,0,0
HalfSolid,25152,1664,00025858,0,1,1,4294967295,0,0
HalfSolid,25152,1328,0015CBD4,0,1,1,4294967295,0,0
HalfSolid,25152,1280,002C5790,0,1,1,4294967295,0,0
HalfSolid,24896,1168,0037B95C,0,1,1,4294967295,0,0
HalfSolid,24896,1072,0012C661,0,1,1,4294967295,0,0
HalfSolid,24896,1008,001F06CC,0,1,1,4294967295,0,0
HalfSolid,25152,1008,0035C401,0,1,1,4294967295,0,0
HalfSolid,25152,688,000FCF3C,0,1,1,4294967295,0,0
HalfSolid,25152,752,003BEBE2,0,1,1,4294967295,0,0
HalfSolid,24896,768,003F0AF2,0,1,1,4294967295,0,0
HalfSolid,24896,688,002BBED3,0,1,1,4294967295,0,0
HalfSolid,24704,720,00246729,0,1,1,4294967295,0,0
HalfSolid,24704,656,002C3E22,0,1,1,4294967295,0,0
HalfSolid,24448,1104,0033FBE3,0,1,1,4294967295,0,0
HalfSolid,24448,1008,001C44FF,0,1,1,4294967295,0,0
HalfSolid,24704,1104,0017B768,0,1,1,4294967295,0,0
HalfSolid,24704,992,0011F6F4,0,1,1,4294967295,0,0
HalfSolid,24448,912,0018B2F6,0,1,1,4294967295,0,0
HalfSolid,24448,816,000407C4,0,1,1,4294967295,0,0
HalfSolid,24448,736,001CBD7F,0,1,1,4294967295,0,0
HalfSolid,24448,656,002B5F27,0,1,1,4294967295,0,0
KnockKnock,24528,560,00144875,0,1,1,4294967295,0,0
EasterSolid,24448,480,000A1E38,0,1,1,4294967295,0,0
EasterSolid,24704,480,001B7420,0,1,1,4294967295,0,0
Ex7,19552,1152,002BF8D2,0,1,1,4294967295,0,0
Ex7,19680,1152,00331B31,0,1,1,4294967295,0,0
Ex7,19808,1152,0009801F,0,1,1,4294967295,0,0
Ex7,20064,1152,001F4956,0,1,1,4294967295,0,0
Ex7,20560,1296,000F5177,0,1,1,4294967295,0,0
Ex7,21088,1584,001C000B,0,1,1,4294967295,0,0
Ex7,21920,1872,00293EA9,0,1,1,4294967295,0,0
Ex7,22256,1872,000891EA,0,1,1,4294967295,0,0
Ex7,22496,1872,003E2269,0,1,1,4294967295,0,0
Ex7,22752,1872,00264B09,0,1,1,4294967295,0,0
Ex7,23056,1872,000FBF16,0,1,1,4294967295,0,0
Ex7,23376,1872,000DB472,0,1,1,4294967295,0,0
Ex7,23808,1872,003BDE55,0,1,1,4294967295,0,0
Ex7,24144,1872,001F93E7,0,1,1,4294967295,0,0
Ex7,24400,1872,0013BDE2,0,1,1,4294967295,0,0
Mouse_Cam,96,64,0024ECC6,0,1,1,4294967295,0,0
Cream_528,452,304,0034C08A,0,1,1,4294967295,0,0
Cream_530,432,256,001C2429,0,1,1,4294967295,0,0
ScrapElevator,27424,2272,00287683,0,1,1,4294967295,0,1
ScrapElevator,24800,864,00292004,0,1,1,4294967295,0,0
title_card,32,32,00136661,0,1,1,4294967295,0,0
Timer,0,0,001544B5,0,1,1,4294967295,0,0
