ESHZ,224,304,002D748E,0,1,1,4294967295,0,0
HZ_3,560,368,0012C86C,0,1,1,4294967295,0,0
HZ_3,400,384,000E4638,0,1,1,4294967295,0,0
HZ_4,144,400,000CCC76,0,1,1,4294967295,0,0
HZ_5,80,384,001FFE25,0,1,1,4294967295,0,0
HZ_4,32,400,000BA113,0,1,1,4294967295,0,0
HZ_1,112,464,001AA331,0,1,1,4294967295,0,0
HZ_1,368,464,0010285D,0,1,1,4294967295,0,0
HZ_1,624,464,003CC430,0,1,1,4294967295,0,0
HvostStand3,205,419,000124FF,0,1,1,4294967295,0,0
ES_Sonic,384,416,003B9F5C,0,1,1,4294967295,0,0
PreExetior,272,400,0008B370,0,1,1,4294967295,0,0
TailsWatched,208,418,00154183,0,1,1,4294967295,0,0
