Solid,16,208,000A3AC5,0,1,1,4294967295,0,0
Solid,736,272,000DE1F0,0,1,1,4294967295,0,0
TailsSELECTOR,96,272,00052853,0,1,1,4294967295,0,0
KnucklesSELECTOR,208,272,0032B2FF,0,1,1,4294967295,0,0
EggmanSELECTOR,320,272,003D0E7A,0,1,1,4294967295,0,0
FFSELECTOR,432,272,0020FD58,0,1,1,4294967295,0,0
SonicSELECTOR,544,272,002C5D77,0,1,1,4294967295,0,0
Cratch,688,320,0006B8E4,0,1,1,4294967295,0,0
NoteNegetivRings,656,320,0009BD39,0,1,1,4294967295,0,0
Truther,656,224,0032EBAC,0,1,1,4294967295,0,0
MS_Select,96,288,00395495,0,1,1,4294967295,0,0
