YCR_Background,256,128,00248E7A,0,1,1,4294967295,0,0
YCR_Background,1248,-32,001CEAB0,0,1,1,4294967295,0,0
YCR_Background,1248,224,00151F50,0,1,1,4294967295,0,0
YCR_Background,768,128,001AE8BD,0,1,1,4294967295,0,0
ScrapGround,128,288,001081E4,0,1,1,4294967295,0,0
ScrapGround,384,288,000AF4F2,0,1,1,4294967295,0,0
ScrapGround,640,288,00211736,0,1,1,4294967295,0,0
ScrapGround,896,288,000B7BD8,0,1,1,4294967295,0,0
ScrapGround,1232,288,003159CF,0,1,1,4294967295,0,0
ScrapGround,1488,288,0006D576,0,1,1,4294967295,0,0
ScrapGround,1376,720,000F241F,0,1,1,4294967295,0,0
ScrapGround,1120,720,002AF862,0,1,1,4294967295,0,0
ScrapGround,864,720,00029CC8,0,1,1,4294967295,0,0
ScrapGround,608,720,0023D130,0,1,1,4294967295,0,0
ScrapGround,352,720,0030EA68,0,1,1,4294967295,0,0
ScrapGround,96,720,00364E2E,0,1,1,4294967295,0,0
ScrapWallClean,800,96,002923C2,0,1,1,4294967295,0,0
ScrapWallClean,864,96,00000C84,0,1,1,4294967295,0,0
ScrapWallClean,928,96,00206BF8,0,1,1,4294967295,0,0
ScrapWallClean,992,96,0029C748,0,1,1,4294967295,0,0
ScrapWallClean,1136,96,001A16D0,0,1,1,4294967295,0,0
ScrapWallClean,288,96,0001F444,0,1,1,4294967295,0,0
ScrapWallClean,544,96,00099AC2,0,1,1,4294967295,0,0
Knuckles,48,176,0035AA45,0,1,1,4294967295,0,0
Timer,0,0,0020997A,0,1,1,4294967295,0,0
