RiseHPGround,448,432,00377BD0,0,1,1,4294967295,0,0
RiseHPGround,64,432,000AAF1D,0,1,1,4294967295,0,0
WinRing,1584,304,000E6DC4,0,1,1,4294967295,0,1
RiseHPGround,832,432,002C1805,0,1,1,4294967295,0,0
RiseHPGround,1216,432,0017DB4D,0,1,1,4294967295,0,0
RiseHPGround,1600,432,00248ABC,0,1,1,4294967295,0,0
Solid,1680,208,00050215,0,1,1,4294967295,0,0
Solid,32,240,00346402,0,1,1,4294967295,0,0
GhostEmerald,1168,320,00257330,0,1,1,4294967295,0,1
Charasters_Rectangle,800,304,002F99EF,0,1,1,4294967295,0,0
Warn17,800,336,003BF1DA,0,1,1,4294967295,0,0
RiseExe0,672,370,000A96C1,0,1,1,4294967295,0,0
Warn5,1136,256,000F2975,0,1,1,4294967295,0,0
