Egg_Ground,192,368,002E15B4,0,1,1,4294967295,0,0
Egg_Ground,576,368,0018CFBC,0,1,1,4294967295,0,0
Egg_Ground,960,368,0039BD68,0,1,1,4294967295,0,0
Egg_Ground,1344,368,001222DB,0,1,1,4294967295,0,0
Egg_Ground,1728,368,0020471E,0,1,1,4294967295,0,0
Egg_Ground,2112,368,0012E097,0,1,1,4294967295,0,0
Egg_Ground,2496,368,003A0432,0,1,1,4294967295,0,0
Egg_Ground,2560,432,001B12C6,0,1,1,4294967295,0,0
Egg_Ground,2528,400,002EA09A,0,1,1,4294967295,0,0
Egg_Ground,2592,464,00305B8C,0,1,1,4294967295,0,0
Egg_Ground,2624,496,001AE943,0,1,1,4294967295,0,0
Egg_Ground,2656,528,002B1639,0,1,1,4294967295,0,0
Egg_Ground,2688,560,00055079,0,1,1,4294967295,0,0
Egg_Ground,2720,592,003C6CA8,0,1,1,4294967295,0,0
Egg_Ground,2752,624,00251C80,0,1,1,4294967295,0,0
Egg_Ground,3008,880,0028B6EF,0,1,1,4294967295,0,0
Egg_Ground,3392,880,0005FE3F,0,1,1,4294967295,0,0
Egg_Ground,3776,880,002D19D0,0,1,1,4294967295,0,0
Egg_Ground,4160,880,002656F9,0,1,1,4294967295,0,0
Egg_Ground,4544,880,0007A8E0,0,1,1,4294967295,0,0
Egg_Ground,4928,880,000982AC,0,1,1,4294967295,0,0
Egg_Ground,5312,880,001EC4C4,0,1,1,4294967295,0,0
Egg_Ground,5696,880,0037DB4C,0,1,1,4294967295,0,0
Egg_Ground,5728,912,00316DF4,0,1,1,4294967295,0,0
Egg_Ground,5760,944,0025AF50,0,1,1,4294967295,0,0
Egg_Ground,5792,976,00187F8D,0,1,1,4294967295,0,0
Egg_Ground,5824,1008,0030CAA9,0,1,1,4294967295,0,0
Egg_Ground,5856,1040,000E72F1,0,1,1,4294967295,0,0
Egg_Ground,5888,1072,001E6A30,0,1,1,4294967295,0,0
Egg_Ground,5920,1104,0030DC8D,0,1,1,4294967295,0,0
Egg_Ground,5952,1136,003A0CC0,0,1,1,4294967295,0,0
Egg_Ground,6336,1136,0034CD97,0,1,1,4294967295,0,0
Egg_Ground,6720,1136,00402C6F,0,1,1,4294967295,0,0
Egg_Ground,6752,1168,0039471A,0,1,1,4294967295,0,0
Egg_Ground,6784,1200,00040127,0,1,1,4294967295,0,0
Egg_Ground,6816,1232,00026F18,0,1,1,4294967295,0,0
Egg_Ground,6848,1264,002B04B9,0,1,1,4294967295,0,0
Egg_Ground,6880,1296,002840F4,0,1,1,4294967295,0,0
Egg_Ground,6912,1328,0034FB0F,0,1,1,4294967295,0,0
Egg_Ground,6976,1392,000C4A12,0,1,1,4294967295,0,0
Egg_Ground,6944,1360,002E4601,0,1,1,4294967295,0,0
Egg_Ground,7008,1424,0008260E,0,1,1,4294967295,0,0
Egg_Ground,7040,1456,002CF606,0,1,1,4294967295,0,0
Egg_Ground,7072,1488,0006FC80,0,1,1,4294967295,0,0
Egg_Ground,7104,1520,001A3150,0,1,1,4294967295,0,0
Egg_Ground,7136,1552,00021FC9,0,1,1,4294967295,0,0
Egg_Ground,7520,1552,001A6B34,0,1,1,4294967295,0,0
Egg_Ground,7904,1552,0030F2A0,0,1,1,4294967295,0,0
Egg_Ground,8288,1552,00079F79,0,1,1,4294967295,0,0
Egg_Ground,8672,1552,002BE3E2,0,1,1,4294967295,0,0
Egg_Ground,9056,1552,001B2B7B,0,1,1,4294967295,0,0
Egg_Ground,9440,1552,0006134E,0,1,1,4294967295,0,0
Egg_Ground,9824,1552,001D5AA8,0,1,1,4294967295,0,0
Egg_Ground,10208,1552,000F3511,0,1,1,4294967295,0,0
Egg_Ground,10592,1552,00003F6D,0,1,1,4294967295,0,0
Egg_Ground,11136,1552,00228973,0,1,1,4294967295,0,0
Egg_Ground,11520,1552,002F1D3A,0,1,1,4294967295,0,0
Egg_Ground,11904,1552,0034B25B,0,1,1,4294967295,0,0
Egg_Ground,11808,1520,00183BF1,0,1,1,4294967295,0,0
Egg_Ground,11840,1488,003BC032,0,1,1,4294967295,0,0
Egg_Ground,11872,1456,00223CFC,0,1,1,4294967295,0,0
Egg_Ground,11904,1424,00029E03,0,1,1,4294967295,0,0
Egg_Ground,11936,1392,002FE87B,0,1,1,4294967295,0,0
Egg_Ground,10928,2016,003667F4,0,1,1,4294967295,0,0
Egg_Ground,11312,2016,0011DE8E,0,1,1,4294967295,0,0
Egg_Ground,10544,2016,001FBDCC,0,1,1,4294967295,0,0
Egg_Ground,10160,2016,000FDE23,0,1,1,4294967295,0,0
Egg_Ground,9776,2016,0023D279,0,1,1,4294967295,0,0
Egg_Ground,9392,2016,003DBD2F,0,1,1,4294967295,0,0
Egg_Ground,11696,2016,0006EE13,0,1,1,4294967295,0,0
Egg_Ground,12080,2016,000886CB,0,1,1,4294967295,0,0
Egg_Ground,12464,2016,00069FAD,0,1,1,4294967295,0,0
Egg_Ground,12848,2016,001DCE22,0,1,1,4294967295,0,0
Egg_Ground,13232,2016,001CCBF3,0,1,1,4294967295,0,0
Egg_Ground,13712,2016,002DF559,0,1,1,4294967295,0,0
Egg_Ground,13712,2144,000E7F4D,0,1,1,4294967295,0,0
Egg_Ground,13232,2144,000993CA,0,1,1,4294967295,0,0
Egg_Ground,13712,2272,0015529D,0,1,1,4294967295,0,0
Egg_Ground,13232,2272,0038C602,0,1,1,4294967295,0,0
Egg_Ground,13712,2400,00089FCD,0,1,1,4294967295,0,0
Egg_Ground,13232,2400,00283971,0,1,1,4294967295,0,0
Egg_Ground,13712,2528,001797AE,0,1,1,4294967295,0,0
Egg_Ground,13440,2496,000F09FE,0,1,1,4294967295,0,0
Egg_Ground,13488,2656,001618C2,0,1,1,4294967295,0,0
Egg_Ground,9008,2016,00386FAB,0,1,1,4294967295,0,0
Egg_Ground,8624,2016,0011921F,0,1,1,4294967295,0,0
Egg_Ground,8240,2016,0007352A,0,1,1,4294967295,0,0
Egg_Ground,8208,2048,00045F0E,0,1,1,4294967295,0,0
Egg_Ground,8176,2080,000ADFE9,0,1,1,4294967295,0,0
Egg_Ground,8144,2112,00060831,0,1,1,4294967295,0,0
Egg_Ground,8080,2144,00071611,0,1,1,4294967295,0,0
Egg_Ground,8048,2176,003A0BEB,0,1,1,4294967295,0,0
Egg_Ground,8016,2208,0019904B,0,1,1,4294967295,0,0
Egg_Ground,7984,2240,002A579D,0,1,1,4294967295,0,0
Egg_Ground,7952,2272,0034DE61,0,1,1,4294967295,0,0
Egg_Ground,7920,2304,00327ACB,0,1,1,4294967295,0,0
Egg_Ground,7888,2336,0034F4A6,0,1,1,4294967295,0,0
Egg_Ground,7856,2368,003A6CBF,0,1,1,4294967295,0,0
Egg_Ground,7552,2832,0039E2D4,0,1,1,4294967295,0,0
Egg_Ground,7168,2832,001D77EB,0,1,1,4294967295,0,0
Egg_Ground,6784,2832,0015EC51,0,1,1,4294967295,0,0
Egg_Ground,6400,2832,003C63BF,0,1,1,4294967295,0,0
Egg_Ground,6016,2832,002D842F,0,1,1,4294967295,0,0
Egg_Ground,7936,2832,003BF93D,0,1,1,4294967295,0,0
Egg_Ground,8320,2832,002DD536,0,1,1,4294967295,0,0
Egg_Ground,8704,2832,00380EBC,0,1,1,4294967295,0,0
Egg_Ground,9088,2832,0007C48B,0,1,1,4294967295,0,0
Egg_Ground,9472,2832,002B53C6,0,1,1,4294967295,0,0
Egg_Ground,9856,2832,001CCFB4,0,1,1,4294967295,0,0
Egg_Ground,11008,2832,003AE12E,0,1,1,4294967295,0,0
Egg_Ground,11392,2832,0011473F,0,1,1,4294967295,0,0
Egg_Ground,11776,2832,002029D7,0,1,1,4294967295,0,0
Egg_Ground,12160,2832,000F0F31,0,1,1,4294967295,0,0
Egg_Ground,12544,2832,000E9514,0,1,1,4294967295,0,0
Solid,0,64,0011398D,0,1,1,4294967295,0,0
Warn12,9248,1328,001BA7EF,0,1,1,4294967295,0,0
Egg_Ground,7824,2400,0006A9EC,0,1,1,4294967295,0,0
Egg_Ground,7760,2464,001B2E06,0,1,1,4294967295,0,0
Egg_Ground,7728,2496,000F4DFF,0,1,1,4294967295,0,0
Egg_Ground,7696,2528,003D8F38,0,1,1,4294967295,0,0
Warn15,12016,2512,0030628C,0,1,1,4294967295,0,0
Warn2,2640,112,0037BE05,0,1,1,4294967295,0,0
EggmanLive,6336,2720,0009DCFE,0,1,1,4294967295,0,1
Egg_Ground,13456,2176,001FBD17,0,1,1,4294967295,0,0
Egg_Ground,13424,2016,002C1664,0,1,1,4294967295,0,0
Warn15,13376,1792,0004F178,0,1,1,4294967295,0,0
Egg_Ground,5632,2832,0014CA4D,0,1,1,4294967295,0,0
Egg_Ground,5248,2832,003D8AFD,0,1,1,4294967295,0,0
Egg_Ground,4864,2832,0006DF6C,0,1,1,4294967295,0,0
Warn14,4448,2816,0037B6EF,0,1,1,4294967295,0,0
Egg_Ground,2624,880,00235B9D,0,1,1,4294967295,0,0
Egg_Ground,2240,880,003035BE,0,1,1,4294967295,0,0
Egg_Ground,1856,880,002EE1A4,0,1,1,4294967295,0,0
Egg_Ground,1472,880,0005A685,0,1,1,4294967295,0,0
Egg_Ground,1472,752,0010A4F3,0,1,1,4294967295,0,0
Egg_Ground,1472,624,00266F6D,0,1,1,4294967295,0,0
Egg_Ground,1472,496,003B9A79,0,1,1,4294967295,0,0
EggmanLive,1728,768,00048D31,0,1,1,4294967295,0,0
Egg_Ground,11072,1552,0009B210,0,1,1,4294967295,0,0
Egg_Ground,12320,1392,00402735,0,1,1,4294967295,0,0
Egg_Ground,12320,1264,0039CDF4,0,1,1,4294967295,0,0
Egg_Ground,12320,1136,000872E3,0,1,1,4294967295,0,0
Egg_Ground,12320,1008,000AF7D2,0,1,1,4294967295,0,0
Egg_Controler,12080,1296,00100B4B,0,1,1,4294967295,0,0
Egg_Ground,13120,2784,00314962,0,1,1,4294967295,0,0
Egg_Ground,13120,2656,00303D14,0,1,1,4294967295,0,0
Egg_Ground,13120,2528,003606CB,0,1,1,4294967295,0,0
Egg_Ground,13440,2336,0013CB89,0,1,1,4294967295,0,0
Egg_Ground,13120,2912,00320D07,0,1,1,4294967295,0,0
Egg_Ground,10432,2832,00124A0F,0,1,1,4294967295,0,0
Egg_Ground,10432,2704,001056C7,0,1,1,4294967295,0,0
Egg_Ground,10432,2576,003CA5BA,0,1,1,4294967295,0,0
Egg_Ground,10432,2448,0002DC48,0,1,1,4294967295,0,0
Warn1,9808,2544,001487A8,0,1,1,4294967295,0,1
lvlcontroller,32,0,000ECB08,0,1,1,4294967295,0,0
Egg_Ground,4000,848,0038151A,0,1,1,4294967295,0,1
Egg_Ground,4096,816,000CFFBE,0,1,1,4294967295,0,1
Egg_Ground,4192,784,0000675F,0,1,1,4294967295,0,1
Eggman,128,261,0011F66E,0,1,1,4294967295,0,0
EggElevator,10144,2688,003C7A8C,0,1,1,4294967295,0,0
HardModeLight,2768,736,0035F001,0,1,1,4294967295,0,0
BigLight,960,256,001E12A7,0,1,1,4294967295,0,1
BigLight,2432,256,0001857C,0,1,1,4294967295,0,1
BigLight,3840,720,00312EFE,0,1,1,4294967295,0,1
BigLight,6128,864,0014BBFA,0,1,1,4294967295,0,1
BigLight,6624,928,00338494,0,1,1,4294967295,0,1
BigLight,8736,1472,00074824,0,1,1,4294967295,0,1
BigLight,480,256,0033718A,0,1,1,4294967295,0,1
BigLight,1504,144,00356EE2,0,1,1,4294967295,0,1
BigLight,5056,752,00401240,0,1,1,4294967295,0,1
BigLight,7968,1392,00125842,0,1,1,4294967295,0,1
BigLight,7360,2112,0014AD3E,0,1,1,4294967295,0,1
BigLight,7728,2400,0009FC0B,0,1,1,4294967295,0,1
BigLight,7808,2688,001147E1,0,1,1,4294967295,0,1
BigLight,6608,2688,000EE221,0,1,1,4294967295,0,1
BigLight,5872,2672,0027A66A,0,1,1,4294967295,0,1
BigLight,5376,2608,00289F10,0,1,1,4294967295,0,1
BigLight,2080,768,0023503C,0,1,1,4294967295,0,1
BigLight,11408,1456,0025E0EB,0,1,1,4294967295,0,1
BigLight,720,384,0014FADE,0,1,1,4294967295,0,1
BigLight,4096,720,001BAD87,0,1,1,4294967295,0,1
BigLight,4352,720,001521CC,0,1,1,4294967295,0,1
BigLight,1152,256,00148A59,0,1,1,4294967295,0,1
BigLight,2592,464,003FE09F,0,1,1,4294967295,0,1
BigLight,2768,608,0009C23F,0,1,1,4294967295,0,1
BigLight,9328,1552,0019AC3F,0,1,1,4294967295,0,1
BigLight,9584,1552,0017568A,0,1,1,4294967295,0,1
BigLight,9888,1552,003B4AEC,0,1,1,4294967295,0,1
BigLight,10144,1552,003B274A,0,1,1,4294967295,0,1
HardModeLight,5520,672,002BDC87,0,1,1,4294967295,0,0
HardModeLight,9728,1456,001EF556,0,1,1,4294967295,0,0
HardModeLight,7168,1328,002F2E86,0,1,1,4294967295,0,0
HardModeLight,10832,1584,000108D7,0,1,1,4294967295,0,0
HardModeLight,10144,2704,000224CB,0,1,1,4294967295,0,0
HardModeLight,8272,1344,000ABCF9,0,1,1,4294967295,0,0
HardModeLight,8400,1344,002A8B6A,0,1,1,4294967295,0,0
title_card,0,0,000E92C5,0,1,1,4294967295,0,0
