PowerRayClose,1288,176,003A9054,0,1,1,4294967295,0,0
GhostEmerald,560,288,0008BBB4,0,1,1,4294967295,0,0
RiseSonic1,560,351,000C582A,0,1,1,4294967295,0,0
SuperExetior,512,336,002DFC38,0,1,1,4294967295,0,0
Charasters_Rectangle,80,272,002D0DC5,0,1,1,4294967295,0,0
RiseHPGround,-112,400,0020721C,0,1,1,4294967295,0,0
RiseHPGround,272,400,0014701A,0,1,1,4294967295,0,0
SonicWayOut,1288,288,002AC2BB,0,1,1,4294967295,0,0
RiseHPGround,656,400,0027A805,0,1,1,4294967295,0,0
HyperSonicClose,1288,240,002FF977,0,1,1,4294967295,0,0
