HvostBlack,608,368,001D756B,0,1,1,4294967295,0,1
FF_Ground,64,448,003A6BDF,0,1,1,4294967295,0,0
FF_Ground,192,448,0039E854,0,1,1,4294967295,0,0
FF_Ground,320,448,0039C81D,0,1,1,4294967295,0,0
FF_Ground,448,448,000AB114,0,1,1,4294967295,0,0
FF_Ground,576,448,0024FB09,0,1,1,4294967295,0,0
FF_Ground,704,448,002A5260,0,1,1,4294967295,0,0
FF_Ground,832,448,003A7A47,0,1,1,4294967295,0,0
FF_Ground,960,448,0034B004,0,1,1,4294967295,0,0
DF_Knuckles,560,365,000DDE58,0,1,1,4294967295,0,1
DF_Eggman,688,352,00061392,0,1,1,4294967295,0,1
DF_Tails,624,368,001A87B3,0,1,1,4294967295,0,1
FF_Ground,1030,320,000D867B,0,1,1,4294967295,0,0
title_card,0,0,00192E5B,0,1,1,4294967295,0,0
