FF_Wall,10128,256,0014AA44,0,1,1,4294967295,0,0
FF_Wall,9712,256,002032C9,0,1,1,4294967295,0,0
FF_Wall,9024,256,000E5E67,0,1,1,4294967295,0,0
FF_Wall,8448,256,003757BC,0,1,1,4294967295,0,0
FF_Wall,7488,272,003A0F82,0,1,1,4294967295,0,0
FF_Wall,6720,256,0013D56C,0,1,1,4294967295,0,0
FF_Wall,6784,256,00095C9F,0,1,1,4294967295,0,0
FF_Wall,6384,256,0035F18B,0,1,1,4294967295,0,0
FF_Wall,6112,256,00180C36,0,1,1,4294967295,0,0
FF_Wall,5728,256,001130A1,0,1,1,4294967295,0,0
FF_Wall,5456,256,001FB13A,0,1,1,4294967295,0,0
FF_Wall,4544,256,003FCFA8,0,1,1,4294967295,0,0
FF_Wall,3936,256,001EEE7D,0,1,1,4294967295,0,0
FF_Wall,3664,256,003271F5,0,1,1,4294967295,0,0
FF_Wall,3584,256,001A5CA8,0,1,1,4294967295,0,0
FF_Wall,2768,256,00157C32,0,1,1,4294967295,0,0
FF_Wall,2320,256,001FA246,0,1,1,4294967295,0,0
FF_Wall,1424,256,003E3794,0,1,1,4294967295,0,0
FF_Wall,944,256,0001EB4A,0,1,1,4294967295,0,0
FF_Wall,512,256,0010C582,0,1,1,4294967295,0,0
FF_Wall,400,256,0033A2FB,0,1,1,4294967295,0,0
FF_Wall,32,256,0026C92D,0,1,1,4294967295,0,0
HvostBlack,8075,369,0003AE91,0,1,1,4294967295,0,1
FF_Ground,64,448,003A6BDF,0,1,1,4294967295,0,0
FF_Ground,192,448,0039E854,0,1,1,4294967295,0,0
FF_Ground,320,448,0039C81D,0,1,1,4294967295,0,0
FF_Ground,448,448,000AB114,0,1,1,4294967295,0,0
FF_Ground,576,448,0024FB09,0,1,1,4294967295,0,0
FF_Ground,704,448,002A5260,0,1,1,4294967295,0,0
FF_Ground,832,448,003A7A47,0,1,1,4294967295,0,0
FF_Ground,960,448,0034B004,0,1,1,4294967295,0,0
FF_Ground,1088,448,00106272,0,1,1,4294967295,0,0
FF_Ground,1216,448,000D3F24,0,1,1,4294967295,0,0
FF_Ground,1344,448,0034D066,0,1,1,4294967295,0,0
FF_Ground,1472,448,0017D26E,0,1,1,4294967295,0,0
FF_Ground,1600,448,0025BD64,0,1,1,4294967295,0,0
FF_Ground,1728,448,0036FBE2,0,1,1,4294967295,0,0
FF_Ground,1856,448,0020E9EC,0,1,1,4294967295,0,0
FF_Ground,1984,448,0030F78E,0,1,1,4294967295,0,0
FF_Ground,2112,448,003450EC,0,1,1,4294967295,0,0
FF_Ground,2240,448,0003F4AA,0,1,1,4294967295,0,0
FF_Ground,2368,448,002FDDA0,0,1,1,4294967295,0,0
FF_Ground,2496,448,000B8708,0,1,1,4294967295,0,0
FF_Ground,2624,448,002B5A1F,0,1,1,4294967295,0,0
FF_Ground,2752,448,0008D351,0,1,1,4294967295,0,0
FF_Ground,2880,448,00225AD3,0,1,1,4294967295,0,0
FF_Ground,3008,448,003AAFD4,0,1,1,4294967295,0,0
FF_Ground,3136,448,003AB28D,0,1,1,4294967295,0,0
FF_Ground,3264,448,001B07AF,0,1,1,4294967295,0,0
FF_Ground,3392,448,00259831,0,1,1,4294967295,0,0
FF_Ground,3520,448,00115192,0,1,1,4294967295,0,0
FF_Ground,3648,448,00389B26,0,1,1,4294967295,0,0
FF_Ground,3776,448,00201DC0,0,1,1,4294967295,0,0
FF_Ground,3904,448,003147DE,0,1,1,4294967295,0,0
FF_Ground,4032,448,003FF626,0,1,1,4294967295,0,0
FF_Ground,4160,448,00015118,0,1,1,4294967295,0,0
FF_Ground,4288,448,0039F090,0,1,1,4294967295,0,0
FF_Ground,4416,448,00005343,0,1,1,4294967295,0,0
FF_Ground,4544,448,003B6EAB,0,1,1,4294967295,0,0
FF_Ground,4672,448,00134B0B,0,1,1,4294967295,0,0
FF_Ground,4800,448,000BA4AC,0,1,1,4294967295,0,0
FF_Ground,4928,448,001AFADC,0,1,1,4294967295,0,0
FF_Ground,5056,448,0007A622,0,1,1,4294967295,0,0
FF_Ground,5184,448,0005A130,0,1,1,4294967295,0,0
FF_Ground,5312,448,000FC0A4,0,1,1,4294967295,0,0
FF_Ground,5440,448,0027FCB4,0,1,1,4294967295,0,0
FF_Ground,5568,448,0032BF03,0,1,1,4294967295,0,0
FF_Ground,5696,448,003DA442,0,1,1,4294967295,0,0
FF_Ground,5824,448,0014E825,0,1,1,4294967295,0,0
FF_Ground,5952,448,0011F296,0,1,1,4294967295,0,0
FF_Ground,6080,448,0023A2D4,0,1,1,4294967295,0,0
FF_Ground,6208,448,000B00EC,0,1,1,4294967295,0,0
FF_Ground,6336,448,00120398,0,1,1,4294967295,0,0
FF_Ground,6464,448,001386A5,0,1,1,4294967295,0,0
FF_Ground,6592,448,00351E6C,0,1,1,4294967295,0,0
FF_Ground,6720,448,00326465,0,1,1,4294967295,0,0
FF_Ground,6848,448,00092AAD,0,1,1,4294967295,0,0
FF_Ground,6976,448,0011F1CB,0,1,1,4294967295,0,0
FF_Ground,7104,448,0018278A,0,1,1,4294967295,0,0
FF_Ground,7232,448,002AC748,0,1,1,4294967295,0,0
FF_Ground,7360,448,00057CF6,0,1,1,4294967295,0,0
FF_Ground,7488,448,003EF75E,0,1,1,4294967295,0,0
FF_Ground,7616,448,0017A8EC,0,1,1,4294967295,0,0
FF_Ground,7744,448,0037B4EA,0,1,1,4294967295,0,0
FF_Ground,7872,448,000EBF19,0,1,1,4294967295,0,0
FF_Ground,8000,448,0006099A,0,1,1,4294967295,0,0
FF_Ground,8128,448,001B1AB9,0,1,1,4294967295,0,0
FF_Ground,8256,448,00063E5C,0,1,1,4294967295,0,0
FF_Ground,8384,448,003DECBC,0,1,1,4294967295,0,0
FF_Ground,8512,448,002102B9,0,1,1,4294967295,0,0
FF_Ground,8640,448,001F0BEF,0,1,1,4294967295,0,0
FF_Ground,8768,448,00129842,0,1,1,4294967295,0,0
FF_Ground,8896,448,002CE293,0,1,1,4294967295,0,0
FF_Ground,9024,448,0032F01B,0,1,1,4294967295,0,0
FF_Ground,9152,448,002462B2,0,1,1,4294967295,0,0
FF_Ground,9280,448,001F036D,0,1,1,4294967295,0,0
FF_Ground,9408,448,000EB1FD,0,1,1,4294967295,0,0
FF_Ground,9536,448,00292300,0,1,1,4294967295,0,0
FF_Ground,9664,448,0029F82A,0,1,1,4294967295,0,0
FF_Ground,9792,448,0021046C,0,1,1,4294967295,0,0
FF_Ground,9920,448,0007D0DD,0,1,1,4294967295,0,0
FF_Ground,10048,448,0023AD54,0,1,1,4294967295,0,0
FF_Ground,10176,448,00136F7A,0,1,1,4294967295,0,0
FF_Ground,10304,448,000FEB5F,0,1,1,4294967295,0,0
FF_Ground,10432,448,0033DB0A,0,1,1,4294967295,0,0
FF_Ground,10560,448,003DCAAD,0,1,1,4294967295,0,0
FF_Ground,10688,448,0031103D,0,1,1,4294967295,0,0
FF_Ground,10784,448,00155910,0,1,1,4294967295,0,0
AI1,8080,368,0012793D,0,1,1,4294967295,0,1
AI2,8032,364,001D1985,0,1,1,4294967295,0,1
AI3,8128,358,002922C7,0,1,1,4294967295,0,1
Solid,10768,176,002DB36B,0,1,1,4294967295,0,0
Solid,8256,224,00298E71,0,1,1,4294967295,0,0
Warn4,0,144,0000906C,0,1,1,4294967295,0,0
DP2,64,0,001A16BC,0,1,1,4294967295,0,0
FF_Ground,4928,256,00188309,0,1,1,4294967295,0,1
FF_Ground,5056,256,0031591B,0,1,1,4294967295,0,1
FF_Ground,5056,128,0012930F,0,1,1,4294967295,0,1
FF_Ground,4928,128,00142033,0,1,1,4294967295,0,1
FF_Ground,4928,0,00083637,0,1,1,4294967295,0,1
FF_Ground,5056,0,003CB893,0,1,1,4294967295,0,1
lvlcontroller,128,0,0019268A,0,1,1,4294967295,0,0
TAB,48,0,0023CA08,0,1,1,4294967295,0,0
title_card,96,0,0005CAA4,0,1,1,4294967295,0,0
