backAOS,112,304,0,0,57,48,0,1,1,4294967295
backAOS,32,304,0,0,57,48,0,1,1,4294967295
backAOS,288,304,0,0,57,48,0,1,1,4294967295
backAOS,384,304,0,0,57,48,0,1,1,4294967295
backAOS,592,304,0,0,57,48,0,1,1,4294967295
backAOS,800,304,0,0,57,48,0,1,1,4294967295
backAOS,1008,304,0,0,57,48,0,1,1,4294967295
backAOS,1280,304,0,0,57,48,0,1,1,4294967295
backAOS,1456,304,0,0,57,48,0,1,1,4294967295
backAOS,1616,304,0,0,57,48,0,1,1,4294967295
backAOS,1536,304,0,0,57,48,0,1,1,4294967295
backAOS,1728,304,0,0,57,48,0,1,1,4294967295
backAOS,1888,304,0,0,57,48,0,1,1,4294967295
backAOS,1968,304,0,0,57,48,0,1,1,4294967295
backAOS,2064,208,0,0,57,48,0,1,1,4294967295
backAOS,2160,208,0,0,57,48,0,1,1,4294967295
backAOS,2272,208,0,0,57,48,0,1,1,4294967295
backAOS,2448,208,0,0,57,48,0,1,1,4294967295
backAOS,2576,224,0,0,57,48,0,1,1,4294967295
backAOS,2736,208,0,0,57,48,0,1,1,4294967295
backAOS,2800,208,0,0,57,48,0,1,1,4294967295
backAOS,2864,208,0,0,57,48,0,1,1,4294967295
backAOS,2928,208,0,0,57,48,0,1,1,4294967295
backAOS,2992,224,0,0,57,48,0,1,1,4294967295
backAOS,3088,304,0,0,57,48,0,1,1,4294967295
backAOS,3264,304,0,0,57,48,0,1,1,4294967295
backAOS,3360,304,0,0,57,48,0,1,1,4294967295
backAOS,3472,304,0,0,57,48,0,1,1,4294967295
backAOS,3600,320,0,0,57,48,0,1,1,4294967295
backAOS,3664,304,0,0,57,48,0,1,1,4294967295
backAOS,3728,320,0,0,57,48,0,1,1,4294967295
backAOS,3824,304,0,0,57,48,0,1,1,4294967295
backAOS,3952,320,0,0,57,48,0,1,1,4294967295
backAOS,4032,304,0,0,57,48,0,1,1,4294967295
backAOS,4112,304,0,0,57,48,0,1,1,4294967295
backAOS,4192,304,0,0,57,48,0,1,1,4294967295
backAOS,4272,320,0,0,57,48,0,1,1,4294967295
backAOS,4352,304,0,0,57,48,0,1,1,4294967295
backAOS,4416,304,0,0,57,48,0,1,1,4294967295
backAOS,4624,192,0,0,57,48,0,1,1,4294967295
backAOS,4976,192,0,0,57,48,0,1,1,4294967295
backAOS,5280,240,0,0,57,48,0,1,1,4294967295
backAOS,5536,320,0,0,57,48,0,1,1,4294967295
backAOS,5824,448,0,0,57,48,0,1,1,4294967295
backAOS,6224,624,0,0,57,48,0,1,1,4294967295
backAOS,6288,624,0,0,57,48,0,1,1,4294967295
backAOS,6368,624,0,0,57,48,0,1,1,4294967295
backAOS,6448,624,0,0,57,48,0,1,1,4294967295
backAOS,6576,624,0,0,57,48,0,1,1,4294967295
backAOS,6720,624,0,0,57,48,0,1,1,4294967295
backAOS,6832,624,0,0,57,48,0,1,1,4294967295
backAOS,7040,624,0,0,57,48,0,1,1,4294967295
backAOS,7600,464,0,0,57,48,0,1,1,4294967295
backAOS,7808,464,0,0,57,48,0,1,1,4294967295
backAOS,8144,608,0,0,57,48,0,1,1,4294967295
backAOS,8304,608,0,0,57,48,0,1,1,4294967295
backAOS,8464,608,0,0,57,48,0,1,1,4294967295
backAOS,8560,608,0,0,57,48,0,1,1,4294967295
backAOS,8784,608,0,0,57,48,0,1,1,4294967295
backAOS,9056,608,0,0,57,48,0,1,1,4294967295
backAOS,9232,608,0,0,57,48,0,1,1,4294967295
backAOS,8912,480,0,0,57,48,0,1,1,4294967295
backAOS,9504,608,0,0,57,48,0,1,1,4294967295
backAOS,9952,720,0,0,57,48,0,1,1,4294967295
backAOS,10112,720,0,0,57,48,0,1,1,4294967295
backAOS,9744,720,0,0,57,48,0,1,1,4294967295
backAOS,10288,912,0,0,57,48,0,1,1,4294967295
backAOS,10352,912,0,0,57,48,0,1,1,4294967295
backAOS,10544,1040,0,0,57,48,0,1,1,4294967295
backAOS,10608,1040,0,0,57,48,0,1,1,4294967295
backAOS,10704,1104,0,0,57,48,0,1,1,4294967295
backAOS,10608,1728,0,0,57,48,0,1,1,4294967295
backAOS,10688,1728,0,0,57,48,0,1,1,4294967295
backAOS,10768,1728,0,0,57,48,0,1,1,4294967295
backAOS,10864,1712,0,0,57,48,0,1,1,4294967295
backAOS,11088,1712,0,0,57,48,0,1,1,4294967295
backAOS,11232,1712,0,0,57,48,0,1,1,4294967295
backAOS,11408,1712,0,0,57,48,0,1,1,4294967295
backAOS,11552,1712,0,0,57,48,0,1,1,4294967295
backAOS,11712,1712,0,0,57,48,0,1,1,4294967295
backAOS,11808,1712,0,0,57,48,0,1,1,4294967295
backAOS,11968,1728,0,0,57,48,0,1,1,4294967295
backAOS,12096,1728,0,0,57,48,0,1,1,4294967295
backAOS,12192,1712,0,0,57,48,0,1,1,4294967295
backAOS,12320,1712,0,0,57,48,0,1,1,4294967295
backAOS,12448,1728,0,0,57,48,0,1,1,4294967295
backAOS,12512,1728,0,0,57,48,0,1,1,4294967295
backAOS,12576,1728,0,0,57,48,0,1,1,4294967295
backAOS,12720,1712,0,0,57,48,0,1,1,4294967295
backAOS,12784,1712,0,0,57,48,0,1,1,4294967295
backAOS,12848,1712,0,0,57,48,0,1,1,4294967295
backAOS,12928,1712,0,0,57,48,0,1,1,4294967295
backAOS,13120,1552,0,0,57,48,0,1,1,4294967295
backAOS,13184,1552,0,0,57,48,0,1,1,4294967295
backAOS,13344,1472,0,0,57,48,0,1,1,4294967295
backAOS,13456,1488,0,0,57,48,0,1,1,4294967295
backAOS,13600,1472,0,0,57,48,0,1,1,4294967295
backAOS,13680,1472,0,0,57,48,0,1,1,4294967295
backAOS,13824,1472,0,0,57,48,0,1,1,4294967295
backAOS,13952,1472,0,0,57,48,0,1,1,4294967295
backAOS,14048,1536,0,0,57,48,0,1,1,4294967295
backAOS,14128,1520,0,0,57,48,0,1,1,4294967295
backAOS,14192,1536,0,0,57,48,0,1,1,4294967295
backAOS,14304,1568,0,0,57,48,0,1,1,4294967295
backAOS,14464,1568,0,0,57,48,0,1,1,4294967295
backAOS,14560,1616,0,0,57,48,0,1,1,4294967295
backAOS,14704,1616,0,0,57,48,0,1,1,4294967295
backAOS,14848,1680,0,0,57,48,0,1,1,4294967295
backAOS,14992,1696,0,0,57,48,0,1,1,4294967295
backAOS,15136,1680,0,0,57,48,0,1,1,4294967295
backAOS,15248,1680,0,0,57,48,0,1,1,4294967295
backAOS,15440,1680,0,0,57,48,0,1,1,4294967295
backAOS,15568,1696,0,0,57,48,0,1,1,4294967295
backAOS,15744,1680,0,0,57,48,0,1,1,4294967295
backAOS,15888,1776,0,0,57,48,0,1,1,4294967295
backAOS,16032,1776,0,0,57,48,0,1,1,4294967295
backAOS,16208,1776,0,0,57,48,0,1,1,4294967295
backAOS,16320,1776,0,0,57,48,0,1,1,4294967295
backAOS,16464,1776,0,0,57,48,0,1,1,4294967295
backAOS,16576,1792,0,0,57,48,0,1,1,4294967295
backAOS,16672,1792,0,0,57,48,0,1,1,4294967295
backAOS,16768,1792,0,0,57,48,0,1,1,4294967295
backAOS,16832,1696,0,0,57,48,0,1,1,4294967295
backAOS,16896,1696,0,0,57,48,0,1,1,4294967295
backAOS,16976,1584,0,0,57,48,0,1,1,4294967295
backAOS,17104,1584,0,0,57,48,0,1,1,4294967295
backAOS,17232,1600,0,0,57,48,0,1,1,4294967295
backAOS,17328,1680,0,0,57,48,0,1,1,4294967295
backAOS,17408,1680,0,0,57,48,0,1,1,4294967295
backAOS,17504,1792,0,0,57,48,0,1,1,4294967295
backAOS,17680,1792,0,0,57,48,0,1,1,4294967295
backAOS,17744,1792,0,0,57,48,0,1,1,4294967295
backAOS,17808,1792,0,0,57,48,0,1,1,4294967295
backAOS,17888,1792,0,0,57,48,0,1,1,4294967295
backAOS,18112,1792,0,0,57,48,0,1,1,4294967295
backAOS,18192,1792,0,0,57,48,0,1,1,4294967295
backAOS,18288,1792,0,0,57,48,0,1,1,4294967295
backAOS,18400,1904,0,0,57,48,0,1,1,4294967295
backAOS,18544,1968,0,0,57,48,0,1,1,4294967295
backAOS,18672,1984,0,0,57,48,0,1,1,4294967295
backAOS,18752,1984,0,0,57,48,0,1,1,4294967295
backAOS,18832,1968,0,0,57,48,0,1,1,4294967295
backAOS,18976,1968,0,0,57,48,0,1,1,4294967295
backAOS,18912,1984,0,0,57,48,0,1,1,4294967295
backAOS,19040,1872,0,0,57,48,0,1,1,4294967295
backAOS,19136,1888,0,0,57,48,0,1,1,4294967295
backAOS,19232,1872,0,0,57,48,0,1,1,4294967295
backAOS,19328,1872,0,0,57,48,0,1,1,4294967295
backAOS,19440,1888,0,0,57,48,0,1,1,4294967295
backAOS,19520,1888,0,0,57,48,0,1,1,4294967295
backAOS,19600,1888,0,0,57,48,0,1,1,4294967295
backAOS,19664,1888,0,0,57,48,0,1,1,4294967295
backAOS,19728,1888,0,0,57,48,0,1,1,4294967295
backAOS,19792,1888,0,0,57,48,0,1,1,4294967295
backAOS,19920,1888,0,0,57,48,0,1,1,4294967295
backAOS,20032,1888,0,0,57,48,0,1,1,4294967295
backAOS,20176,1888,0,0,57,48,0,1,1,4294967295
backAOS,20336,1872,0,0,57,48,0,1,1,4294967295
backAOS,20480,1872,0,0,57,48,0,1,1,4294967295
backAOS,20608,1872,0,0,57,48,0,1,1,4294967295
backAOS,20736,1872,0,0,57,48,0,1,1,4294967295
backAOS,20848,1872,0,0,57,48,0,1,1,4294967295
backAOS,21008,1872,0,0,57,48,0,1,1,4294967295
backAOS,21152,1872,0,0,57,48,0,1,1,4294967295
backAOS,21328,1872,0,0,57,48,0,1,1,4294967295
backAOS,21504,1872,0,0,57,48,0,1,1,4294967295
backAOS,21632,1888,0,0,57,48,0,1,1,4294967295
backAOS,21824,2048,0,0,57,48,0,1,1,4294967295
backAOS,21888,2048,0,0,57,48,0,1,1,4294967295
backAOS,21968,2112,0,0,57,48,0,1,1,4294967295
backAOS,22096,2176,0,0,57,48,0,1,1,4294967295
backAOS,22304,2240,0,0,57,48,0,1,1,4294967295
backAOS,22448,2240,0,0,57,48,0,1,1,4294967295
backAOS,22608,2240,0,0,57,48,0,1,1,4294967295
backAOS,22784,2240,0,0,57,48,0,1,1,4294967295
backAOS,22864,2240,0,0,57,48,0,1,1,4294967295
backAOS,22944,2240,0,0,57,48,0,1,1,4294967295
backAOS,23040,2240,0,0,57,48,0,1,1,4294967295
backAOS,23136,2240,0,0,57,48,0,1,1,4294967295
backAOS,23344,2144,0,0,57,48,0,1,1,4294967295
backAOS,23408,2144,0,0,57,48,0,1,1,4294967295
backAOS,23552,2048,0,0,57,48,0,1,1,4294967295
backAOS,23616,2048,0,0,57,48,0,1,1,4294967295
backAOS,23744,2144,0,0,57,48,0,1,1,4294967295
backAOS,23888,2240,0,0,57,48,0,1,1,4294967295
backAOS,24000,2240,0,0,57,48,0,1,1,4294967295
backAOS,24112,2240,0,0,57,48,0,1,1,4294967295
backAOS,24240,2240,0,0,57,48,0,1,1,4294967295
backAOS,24400,2144,0,0,57,48,0,1,1,4294967295
backAOS,24544,2048,0,0,57,48,0,1,1,4294967295
backAOS,24672,2048,0,0,57,48,0,1,1,4294967295
backAOS,24784,2048,0,0,57,48,0,1,1,4294967295
backAOS,24928,2112,0,0,57,48,0,1,1,4294967295
backAOS,25104,2192,0,0,57,48,0,1,1,4294967295
backAOS,25200,2176,0,0,57,48,0,1,1,4294967295
backAOS,25376,2176,0,0,57,48,0,1,1,4294967295
backAOS,25552,2176,0,0,57,48,0,1,1,4294967295
backAOS,25728,2176,0,0,57,48,0,1,1,4294967295
backAOS,25840,2192,0,0,57,48,0,1,1,4294967295
backAOS,25968,2176,0,0,57,48,0,1,1,4294967295
backAOS,26080,2192,0,0,57,48,0,1,1,4294967295
backAOS,26304,4752,0,0,57,48,0,1,1,4294967295
backAOS,26480,4864,0,0,57,48,0,1,1,4294967295
backAOS,26624,4864,0,0,57,48,0,1,1,4294967295
backAOS,26800,4864,0,0,57,48,0,1,1,4294967295
backAOS,26960,4864,0,0,57,48,0,1,1,4294967295
backAOS,27152,4864,0,0,57,48,0,1,1,4294967295
backAOS,27360,4864,0,0,57,48,0,1,1,4294967295
backAOS,27552,4864,0,0,57,48,0,1,1,4294967295
backAOS,27728,4864,0,0,57,48,0,1,1,4294967295
backAOS,27888,4864,0,0,57,48,0,1,1,4294967295
backAOS,28064,4864,0,0,57,48,0,1,1,4294967295
backAOS,28224,4864,0,0,57,48,0,1,1,4294967295
backAOS,28416,4864,0,0,57,48,0,1,1,4294967295
backAOS,28576,4864,0,0,57,48,0,1,1,4294967295
backAOS,28704,4864,0,0,57,48,0,1,1,4294967295
backAOS,28960,4864,0,0,57,48,0,1,1,4294967295
backAOS,29168,4864,0,0,57,48,0,1,1,4294967295
backAOS,29456,4864,0,0,57,48,0,1,1,4294967295
backAOS,29616,4864,0,0,57,48,0,1,1,4294967295
backAOS,29536,4880,0,0,57,48,0,1,1,4294967295
backAOS,29808,4880,0,0,57,48,0,1,1,4294967295
backAOS,29936,4880,0,0,57,48,0,1,1,4294967295
backAOS,30048,4880,0,0,57,48,0,1,1,4294967295
backAOS,30208,4864,0,0,57,48,0,1,1,4294967295
backAOS,30304,4864,0,0,57,48,0,1,1,4294967295
backAOS,30400,4880,0,0,57,48,0,1,1,4294967295
backAOS,30480,4864,0,0,57,48,0,1,1,4294967295
backAOS,30608,4880,0,0,57,48,0,1,1,4294967295
backAOS,30704,4880,0,0,57,48,0,1,1,4294967295
backAOS,30816,4864,0,0,57,48,0,1,1,4294967295
backAOS,30976,4864,0,0,57,48,0,1,1,4294967295
backAOS,31120,4864,0,0,57,48,0,1,1,4294967295
backAOS,31264,4864,0,0,57,48,0,1,1,4294967295
backAOS,31520,4768,0,0,57,48,0,1,1,4294967295
backAOS,31392,4816,0,0,57,48,0,1,1,4294967295
backAOS,31584,4768,0,0,57,48,0,1,1,4294967295
backAOS,31808,4720,0,0,57,48,0,1,1,4294967295
backAOS,31968,4720,0,0,57,48,0,1,1,4294967295
backAOS,31888,4720,0,0,57,48,0,1,1,4294967295
backAOS,32096,4736,0,0,57,48,0,1,1,4294967295
backAOS,32176,4736,0,0,57,48,0,1,1,4294967295
backAOS,32272,4720,0,0,57,48,0,1,1,4294967295
backAOS,32416,4720,0,0,57,48,0,1,1,4294967295
backAOS,32528,4736,0,0,57,48,0,1,1,4294967295
backAOS,32624,4720,0,0,57,48,0,1,1,4294967295
backAOS,32704,4736,0,0,57,48,0,1,1,4294967295
backAOS,32800,4640,0,0,57,48,0,1,1,4294967295
backAOS,32784,4720,0,0,57,48,0,1,1,4294967295
backAOS,32864,4640,0,0,57,48,0,1,1,4294967295
backAOS,32944,4576,0,0,57,48,0,1,1,4294967295
backAOS,33040,4576,0,0,57,48,0,1,1,4294967295
backAOS,33056,4464,0,0,57,48,0,1,1,4294967295
backAOS,33120,4480,0,0,57,48,0,1,1,4294967295
backAOS,33312,4320,0,0,57,48,0,1,1,4294967295
backAOS,33440,4240,0,0,57,48,0,1,1,4294967295
backAOS,33696,4064,0,0,57,48,0,1,1,4294967295
backAOS,33616,4128,0,0,57,48,0,1,1,4294967295
backAOS,33952,3872,0,0,57,48,0,1,1,4294967295
backAOS,34144,3776,0,0,57,48,0,1,1,4294967295
backAOS,34240,3680,0,0,57,48,0,1,1,4294967295
backAOS,34528,3488,0,0,57,48,0,1,1,4294967295
backAOS,34640,3488,0,0,57,48,0,1,1,4294967295
backAOS,34768,3488,0,0,57,48,0,1,1,4294967295
backAOS,34912,3488,0,0,57,48,0,1,1,4294967295
backAOS,35088,3504,0,0,57,48,0,1,1,4294967295
backAOS,35168,3488,0,0,57,48,0,1,1,4294967295
backAOS,35264,3504,0,0,57,48,0,1,1,4294967295
backAOS,35376,3488,0,0,57,48,0,1,1,4294967295
backAOS,35504,3488,0,0,57,48,0,1,1,4294967295
backAOS,35632,3504,0,0,57,48,0,1,1,4294967295
backAOS,35760,3488,0,0,57,48,0,1,1,4294967295
backAOS,35856,3488,0,0,57,48,0,1,1,4294967295
backAOS,35936,3488,0,0,57,48,0,1,1,4294967295
backAOS,36000,3408,0,0,57,48,0,1,1,4294967295
backAOS,36064,3408,0,0,57,48,0,1,1,4294967295
backAOS,36144,3328,0,0,57,48,0,1,1,4294967295
backAOS,36240,3344,0,0,57,48,0,1,1,4294967295
backAOS,36384,3152,0,0,57,48,0,1,1,4294967295
backAOS,36448,3152,0,0,57,48,0,1,1,4294967295
backAOS,36320,3248,0,0,57,48,0,1,1,4294967295
backAOS,36256,3248,0,0,57,48,0,1,1,4294967295
backAOS,36544,3072,0,0,57,48,0,1,1,4294967295
backAOS,36800,2912,0,0,57,48,0,1,1,4294967295
backAOS,37168,2688,0,0,57,48,0,1,1,4294967295
backAOS,37248,2688,0,0,57,48,0,1,1,4294967295
backAOS,37328,2688,0,0,57,48,0,1,1,4294967295
backAOS,37424,2608,0,0,57,48,0,1,1,4294967295
backAOS,37568,2704,0,0,57,48,0,1,1,4294967295
backAOS,37648,2704,0,0,57,48,0,1,1,4294967295
backAOS,37712,2704,0,0,57,48,0,1,1,4294967295
backAOS,37808,2592,0,0,57,48,0,1,1,4294967295
backAOS,37936,2704,0,0,57,48,0,1,1,4294967295
backAOS,38016,2704,0,0,57,48,0,1,1,4294967295
backAOS,38096,2704,0,0,57,48,0,1,1,4294967295
backAOS,38208,2576,0,0,57,48,0,1,1,4294967295
backAOS,38304,2672,0,0,57,48,0,1,1,4294967295
backAOS,38384,2688,0,0,57,48,0,1,1,4294967295
backAOS,38448,2688,0,0,57,48,0,1,1,4294967295
backAOS,38528,2672,0,0,57,48,0,1,1,4294967295
backAOS,38624,2560,0,0,57,48,0,1,1,4294967295
backAOS,38560,2560,0,0,57,48,0,1,1,4294967295
backAOS,38720,2688,0,0,57,48,0,1,1,4294967295
backAOS,38800,2688,0,0,57,48,0,1,1,4294967295
backAOS,38880,2704,0,0,57,48,0,1,1,4294967295
backAOS,38944,2560,0,0,57,48,0,1,1,4294967295
backAOS,39120,2560,0,0,57,48,0,1,1,4294967295
backAOS,39312,2560,0,0,57,48,0,1,1,4294967295
backAOS,39440,2560,0,0,57,48,0,1,1,4294967295
backAOS,39584,2576,0,0,57,48,0,1,1,4294967295
backAOS,39712,2576,0,0,57,48,0,1,1,4294967295
backAOS,39840,2560,0,0,57,48,0,1,1,4294967295
backAOS,39984,2576,0,0,57,48,0,1,1,4294967295
backAOS,40096,2560,0,0,57,48,0,1,1,4294967295
backAOS,40192,2560,0,0,57,48,0,1,1,4294967295
backAOS,40272,2576,0,0,57,48,0,1,1,4294967295
backAOS,39920,2576,0,0,57,48,0,1,1,4294967295
backAOS,40384,2672,0,0,57,48,0,1,1,4294967295
backAOS,40640,2832,0,0,57,48,0,1,1,4294967295
backAOS,40928,2960,0,0,57,48,0,1,1,4294967295
backAOS,41184,2960,0,0,57,48,0,1,1,4294967295
backAOS,41008,2960,0,0,57,48,0,1,1,4294967295
backAOS,41104,2960,0,0,57,48,0,1,1,4294967295
backAOS,41360,2976,0,0,57,48,0,1,1,4294967295
backAOS,41472,2960,0,0,57,48,0,1,1,4294967295
backAOS,41632,2960,0,0,57,48,0,1,1,4294967295
backAOS,41744,2960,0,0,57,48,0,1,1,4294967295
backAOS,41888,2880,0,0,57,48,0,1,1,4294967295
backAOS,41952,2880,0,0,57,48,0,1,1,4294967295
backAOS,42016,2752,0,0,57,48,0,1,1,4294967295
backAOS,42144,2752,0,0,57,48,0,1,1,4294967295
backAOS,42208,2752,0,0,57,48,0,1,1,4294967295
backAOS,42352,2752,0,0,57,48,0,1,1,4294967295
backAOS,42432,2768,0,0,57,48,0,1,1,4294967295
backAOS,42560,2864,0,0,57,48,0,1,1,4294967295
backAOS,42880,2944,0,0,57,48,0,1,1,4294967295
backAOS,43024,2944,0,0,57,48,0,1,1,4294967295
backAOS,43152,2960,0,0,57,48,0,1,1,4294967295
backAOS,43280,2944,0,0,57,48,0,1,1,4294967295
backAOS,43376,2960,0,0,57,48,0,1,1,4294967295
backAOS,43488,2944,0,0,57,48,0,1,1,4294967295
backAOS,43600,2960,0,0,57,48,0,1,1,4294967295
backAOS,43712,2960,0,0,57,48,0,1,1,4294967295
backAOS,43824,2960,0,0,57,48,0,1,1,4294967295
backAOS,43904,2944,0,0,57,48,0,1,1,4294967295
backAOS,44000,2944,0,0,57,48,0,1,1,4294967295
backAOS,44096,2944,0,0,57,48,0,1,1,4294967295
backAOS,44192,2944,0,0,57,48,0,1,1,4294967295
backAOS,44288,2944,0,0,57,48,0,1,1,4294967295
backAOS,44384,2944,0,0,57,48,0,1,1,4294967295
backAOS,44464,2944,0,0,57,48,0,1,1,4294967295
backAOS,44560,2944,0,0,57,48,0,1,1,4294967295
backAOS,44656,2944,0,0,57,48,0,1,1,4294967295
backAOS,44752,2960,0,0,57,48,0,1,1,4294967295
backAOS,44928,2944,0,0,57,48,0,1,1,4294967295
backAOS,45040,2960,0,0,57,48,0,1,1,4294967295
backAOS,45152,2944,0,0,57,48,0,1,1,4294967295
backAOS,45280,2960,0,0,57,48,0,1,1,4294967295
backAOS,45376,2944,0,0,57,48,0,1,1,4294967295
backAOS,10032,1392,0,0,57,48,0,1,1,4294967295
backAOS,9728,1392,0,0,57,48,0,1,1,4294967295
backAOS,9600,1312,0,0,57,48,0,1,1,4294967295
backAOS,9376,1184,0,0,57,48,0,1,1,4294967295
backAOS,9248,1072,0,0,57,48,0,1,1,4294967295
backAOS,9184,1072,0,0,57,48,0,1,1,4294967295
backAOS,9104,976,0,0,57,48,0,1,1,4294967295
backAOS,8816,976,0,0,57,48,0,1,1,4294967295
backAOS,9024,992,0,0,57,48,0,1,1,4294967295
backAOS,8736,1072,0,0,57,48,0,1,1,4294967295
backAOS,8544,1168,0,0,57,48,0,1,1,4294967295
backAOS,8624,1168,0,0,57,48,0,1,1,4294967295
backAOS,8416,1216,0,0,57,48,0,1,1,4294967295
backAOS,8480,1216,0,0,57,48,0,1,1,4294967295
backAOS,8080,1264,0,0,57,48,0,1,1,4294967295
backAOS,8320,1264,0,0,57,48,0,1,1,4294967295
backAOS,7680,1200,0,0,57,48,0,1,1,4294967295
backAOS,7952,1200,0,0,57,48,0,1,1,4294967295
backAOS,7568,1392,0,0,57,48,0,1,1,4294967295
backAOS,6928,1408,0,0,57,48,0,1,1,4294967295
backAOS,7024,1408,0,0,57,48,0,1,1,4294967295
backAOS,7136,1408,0,0,57,48,0,1,1,4294967295
backAOS,7264,1392,0,0,57,48,0,1,1,4294967295
backAOS,7392,1392,0,0,57,48,0,1,1,4294967295
backAOS,6480,1216,0,0,57,48,0,1,1,4294967295
backAOS,6240,1216,0,0,57,48,0,1,1,4294967295
backAOS,6144,1216,0,0,57,48,0,1,1,4294967295
backAOS,6048,1216,0,0,57,48,0,1,1,4294967295
backAOS,5888,1216,0,0,57,48,0,1,1,4294967295
backSOA,5968,1232,0,0,57,48,0,1,1,4294967295
backSOA,6336,1232,0,0,57,48,0,1,1,4294967295
backSOA,6416,1216,0,0,57,48,0,1,1,4294967295
backSOA,6656,1296,0,0,57,48,0,1,1,4294967295
backSOA,6784,1312,0,0,57,48,0,1,1,4294967295
backSOA,7488,1408,0,0,57,48,0,1,1,4294967295
backSOA,7760,1184,0,0,57,48,0,1,1,4294967295
backSOA,7856,1184,0,0,57,48,0,1,1,4294967295
backSOA,8208,1264,0,0,57,48,0,1,1,4294967295
backSOA,8672,1072,0,0,57,48,0,1,1,4294967295
backSOA,8912,976,0,0,57,48,0,1,1,4294967295
backSOA,9328,1168,0,0,57,48,0,1,1,4294967295
backSOA,9472,1248,0,0,57,48,0,1,1,4294967295
backSOA,10176,1376,0,0,57,48,0,1,1,4294967295
backSOA,9872,1376,0,0,57,48,0,1,1,4294967295
backSOA,192,304,0,0,57,48,0,1,1,4294967295
backSOA,496,304,0,0,57,48,0,1,1,4294967295
backSOA,688,304,0,0,57,48,0,1,1,4294967295
backSOA,912,304,0,0,57,48,0,1,1,4294967295
backSOA,1104,336,0,0,57,48,0,1,1,4294967295
backSOA,1200,304,0,0,57,48,0,1,1,4294967295
backSOA,1376,320,0,0,57,48,0,1,1,4294967295
backSOA,1808,304,0,0,57,48,0,1,1,4294967295
backSOA,2352,208,0,0,57,48,0,1,1,4294967295
backSOA,2656,208,0,0,57,48,0,1,1,4294967295
backSOA,3184,304,0,0,57,48,0,1,1,4294967295
backSOA,3888,320,0,0,57,48,0,1,1,4294967295
backSOA,4480,256,0,0,57,48,0,1,1,4294967295
backSOA,4576,256,0,0,57,48,0,1,1,4294967295
backSOA,4704,192,0,0,57,48,0,1,1,4294967295
backSOA,4880,192,0,0,57,48,0,1,1,4294967295
backSOA,5088,208,0,0,57,48,0,1,1,4294967295
backSOA,5168,208,0,0,57,48,0,1,1,4294967295
backSOA,4784,208,0,0,57,48,0,1,1,4294967295
backSOA,5392,304,0,0,57,48,0,1,1,4294967295
backSOA,5664,368,0,0,57,48,0,1,1,4294967295
backSOA,5920,448,0,0,57,48,0,1,1,4294967295
backSOA,6656,624,0,0,57,48,0,1,1,4294967295
backSOA,6944,624,0,0,57,48,0,1,1,4294967295
backSOA,7136,624,0,0,57,48,0,1,1,4294967295
backSOA,7232,560,0,0,57,48,0,1,1,4294967295
backSOA,7376,480,0,0,57,48,0,1,1,4294967295
backSOA,7488,464,0,0,57,48,0,1,1,4294967295
backSOA,7680,480,0,0,57,48,0,1,1,4294967295
backSOA,7744,480,0,0,57,48,0,1,1,4294967295
backSOA,7920,464,0,0,57,48,0,1,1,4294967295
backSOA,8016,528,0,0,57,48,0,1,1,4294967295
backSOA,8384,624,0,0,57,48,0,1,1,4294967295
backSOA,8224,624,0,0,57,48,0,1,1,4294967295
backSOA,8624,496,0,0,57,48,0,1,1,4294967295
backSOA,8688,480,0,0,57,48,0,1,1,4294967295
backSOA,9136,624,0,0,57,48,0,1,1,4294967295
backSOA,9312,624,0,0,57,48,0,1,1,4294967295
backSOA,9408,608,0,0,57,48,0,1,1,4294967295
backSOA,9664,720,0,0,57,48,0,1,1,4294967295
backSOA,9840,736,0,0,57,48,0,1,1,4294967295
backSOA,10032,736,0,0,57,48,0,1,1,4294967295
backSOA,10192,832,0,0,57,48,0,1,1,4294967295
backSOA,10480,992,0,0,57,48,0,1,1,4294967295
backSOA,10416,992,0,0,57,48,0,1,1,4294967295
backSOA,10832,1184,0,0,57,48,0,1,1,4294967295
backSOA,10960,1712,0,0,57,48,0,1,1,4294967295
backSOA,11184,1712,0,0,57,48,0,1,1,4294967295
backSOA,11360,1712,0,0,57,48,0,1,1,4294967295
backSOA,11488,1712,0,0,57,48,0,1,1,4294967295
backSOA,11904,1712,0,0,57,48,0,1,1,4294967295
backSOA,12256,1712,0,0,57,48,0,1,1,4294967295
backSOA,12656,1712,0,0,57,48,0,1,1,4294967295
backSOA,13008,1632,0,0,57,48,0,1,1,4294967295
backSOA,13264,1472,0,0,57,48,0,1,1,4294967295
backSOA,13760,1472,0,0,57,48,0,1,1,4294967295
backSOA,13520,1472,0,0,57,48,0,1,1,4294967295
backSOA,14384,1584,0,0,57,48,0,1,1,4294967295
backSOA,14640,1632,0,0,57,48,0,1,1,4294967295
backSOA,14912,1696,0,0,57,48,0,1,1,4294967295
backSOA,15072,1696,0,0,57,48,0,1,1,4294967295
backSOA,15312,1696,0,0,57,48,0,1,1,4294967295
backSOA,15376,1680,0,0,57,48,0,1,1,4294967295
backSOA,15664,1680,0,0,57,48,0,1,1,4294967295
backSOA,15504,1680,0,0,57,48,0,1,1,4294967295
backSOA,15824,1776,0,0,57,48,0,1,1,4294967295
backSOA,15952,1792,0,0,57,48,0,1,1,4294967295
backSOA,16112,1776,0,0,57,48,0,1,1,4294967295
backSOA,16400,1776,0,0,57,48,0,1,1,4294967295
backSOA,17168,1584,0,0,57,48,0,1,1,4294967295
backSOA,17584,1808,0,0,57,48,0,1,1,4294967295
backSOA,17968,1808,0,0,57,48,0,1,1,4294967295
backSOA,20256,1888,0,0,57,48,0,1,1,4294967295
backSOA,20416,1888,0,0,57,48,0,1,1,4294967295
backSOA,20112,1872,0,0,57,48,0,1,1,4294967295
backSOA,20672,1872,0,0,57,48,0,1,1,4294967295
backSOA,20944,1872,0,0,57,48,0,1,1,4294967295
backSOA,21072,1872,0,0,57,48,0,1,1,4294967295
backSOA,21248,1872,0,0,57,48,0,1,1,4294967295
backSOA,21424,1872,0,0,57,48,0,1,1,4294967295
backSOA,21728,1968,0,0,57,48,0,1,1,4294967295
backSOA,22224,2256,0,0,57,48,0,1,1,4294967295
backSOA,22528,2240,0,0,57,48,0,1,1,4294967295
backSOA,22704,2240,0,0,57,48,0,1,1,4294967295
backSOA,23248,2256,0,0,57,48,0,1,1,4294967295
backSOA,23472,2064,0,0,57,48,0,1,1,4294967295
backSOA,24608,2064,0,0,57,48,0,1,1,4294967295
backSOA,24752,2080,0,0,57,48,0,1,1,4294967295
backSOA,25280,2192,0,0,57,48,0,1,1,4294967295
backSOA,25472,2192,0,0,57,48,0,1,1,4294967295
backSOA,25632,2192,0,0,57,48,0,1,1,4294967295
backSOA,26560,4880,0,0,57,48,0,1,1,4294967295
backSOA,26400,4864,0,0,57,48,0,1,1,4294967295
backSOA,26720,4880,0,0,57,48,0,1,1,4294967295
backSOA,27472,4880,0,0,57,48,0,1,1,4294967295
backSOA,27648,4880,0,0,57,48,0,1,1,4294967295
backSOA,27824,4864,0,0,57,48,0,1,1,4294967295
backSOA,27984,4864,0,0,57,48,0,1,1,4294967295
backSOA,28320,4864,0,0,57,48,0,1,1,4294967295
backSOA,28800,4864,0,0,57,48,0,1,1,4294967295
backSOA,28880,4864,0,0,57,48,0,1,1,4294967295
backSOA,29072,4880,0,0,57,48,0,1,1,4294967295
backSOA,29248,4864,0,0,57,48,0,1,1,4294967295
backSOA,29360,4864,0,0,57,48,0,1,1,4294967295
backSOA,29712,4880,0,0,57,48,0,1,1,4294967295
backSOA,30128,4880,0,0,57,48,0,1,1,4294967295
backSOA,30896,4880,0,0,57,48,0,1,1,4294967295
backSOA,31056,4880,0,0,57,48,0,1,1,4294967295
backSOA,31696,4736,0,0,57,48,0,1,1,4294967295
backSOA,32352,4736,0,0,57,48,0,1,1,4294967295
backSOA,33184,4400,0,0,57,48,0,1,1,4294967295
backSOA,33248,4400,0,0,57,48,0,1,1,4294967295
backSOA,33504,4240,0,0,57,48,0,1,1,4294967295
backSOA,33760,4080,0,0,57,48,0,1,1,4294967295
backSOA,33840,3968,0,0,57,48,0,1,1,4294967295
backSOA,33920,3968,0,0,57,48,0,1,1,4294967295
backSOA,34016,3872,0,0,57,48,0,1,1,4294967295
backSOA,34368,3584,0,0,57,48,0,1,1,4294967295
backSOA,34992,3504,0,0,57,48,0,1,1,4294967295
backSOA,34848,3504,0,0,57,48,0,1,1,4294967295
backSOA,35440,3504,0,0,57,48,0,1,1,4294967295
backSOA,35696,3504,0,0,57,48,0,1,1,4294967295
backSOA,35568,3504,0,0,57,48,0,1,1,4294967295
backSOA,36672,3008,0,0,57,48,0,1,1,4294967295
backSOA,36928,2864,0,0,57,48,0,1,1,4294967295
backSOA,37056,2752,0,0,57,48,0,1,1,4294967295
backSOA,39040,2560,0,0,57,48,0,1,1,4294967295
backSOA,39216,2560,0,0,57,48,0,1,1,4294967295
backSOA,39376,2560,0,0,57,48,0,1,1,4294967295
backSOA,39504,2560,0,0,57,48,0,1,1,4294967295
backSOA,39776,2576,0,0,57,48,0,1,1,4294967295
backSOA,39648,2560,0,0,57,48,0,1,1,4294967295
backSOA,40032,2560,0,0,57,48,0,1,1,4294967295
backSOA,40512,2736,0,0,57,48,0,1,1,4294967295
backSOA,40736,2912,0,0,57,48,0,1,1,4294967295
backSOA,40800,2896,0,0,57,48,0,1,1,4294967295
backSOA,41280,2960,0,0,57,48,0,1,1,4294967295
backSOA,41552,2976,0,0,57,48,0,1,1,4294967295
backSOA,41856,2976,0,0,57,48,0,1,1,4294967295
backSOA,42080,2752,0,0,57,48,0,1,1,4294967295
backSOA,42272,2768,0,0,57,48,0,1,1,4294967295
backSOA,42688,2944,0,0,57,48,0,1,1,4294967295
backSOA,42768,2960,0,0,57,48,0,1,1,4294967295
backSOA,42960,2960,0,0,57,48,0,1,1,4294967295
backSOA,44848,2944,0,0,57,48,0,1,1,4294967295
backSOA,45216,2944,0,0,57,48,0,1,1,4294967295
